(0, 0, 0) 0.4782968999999998 R (0, 0, 1)
(0, 0, 1) 0.5314409999999998 R (0, 0, 2)
(0, 0, 2) 0.59049 R (0, 0, 3)
(0, 0, 3) 0.6560999999999999 R (0, 0, 4)
(0, 0, 4) 0.7289999999999999 B (0, 1, 4)
(0, 1, 0) 0.5314409999999998 R (0, 1, 1)
(0, 1, 1) 0.59049 R (0, 1, 2)
(0, 1, 2) 0.6560999999999999 R (0, 1, 3)
(0, 1, 3) 0.7289999999999999 R (0, 1, 4)
(0, 1, 4) 0.8099999999999998 B (0, 2, 4)
(0, 2, 0) 0.59049 R (0, 2, 1)
(0, 2, 1) 0.6560999999999999 R (0, 2, 2)
(0, 2, 2) 0.7289999999999999 R (0, 2, 3)
(0, 2, 3) 0.8099999999999998 R (0, 2, 4)
(0, 2, 4) 0.8999999999999999 R (0, 2, 5)
(0, 3, 0) 0.5314409999999998 T (0, 2, 0)
(0, 3, 1) 0.59049 T (0, 2, 1)
(0, 3, 2) 0.6560999999999999 T (0, 2, 2)
(0, 3, 3) 0.7289999999999999 T (0, 2, 3)
(0, 3, 4) 0.8099999999999998 T (0, 2, 4)
(0, 4, 0) 0.4782968999999998 T (0, 3, 0)
(0, 4, 1) 0.5314409999999998 T (0, 3, 1)
(0, 4, 2) 0.59049 T (0, 3, 2)
(0, 4, 3) 0.6560999999999999 T (0, 3, 3)
(0, 4, 4) 0.7289999999999999 T (0, 3, 4)
