6.193973547366269095e-06
2.743848410800148603e-05
1.539265226130130627e-04
5.984001154706156166e-04
2.432161422060942144e-04
6.738716259717578535e-06
1.397229799380229421e-06
2.271133559677174811e-07
3.262601119789626866e-08
6.226927844850910970e-09
2.777478455958308684e-11
5.758926078448497531e-12
9.361000262982686895e-13
1.345540957075842691e-13
2.605287628253327505e-14
1.687843956391747442e-05
1.107831507365901068e-04
8.938975551557445595e-04
5.510937859836553127e-03
1.141773801563501127e-03
4.681724380869759189e-05
6.829198080281493192e-06
8.124632675637453222e-07
8.878047848690632008e-08
1.192669538060444639e-08
1.929653658350071242e-10
2.814772577761199166e-11
3.348754563972122241e-12
3.663168149382757335e-13
5.185020854358799021e-14
4.966585838949046902e-05
4.567014981693072418e-04
5.479782315077235885e-03
6.675640187877700249e-02
5.518724104396525304e-03
4.486646942661809347e-04
3.696229026695983761e-05
3.084965500245075752e-06
2.608553543351306527e-07
2.274637559429231608e-08
1.849249113712804692e-09
1.523464852136148463e-10
1.271539621325289951e-11
1.077286024366978301e-12
1.195540189789916826e-13
1.677740529717352034e-05
1.102840951456244146e-04
8.911802077491489272e-04
5.510438804245587976e-03
1.141672767296757207e-03
4.681709473609959644e-05
6.828461740860337770e-06
8.084539145925007907e-07
8.804413906574957472e-08
1.177762278260533158e-08
1.929647514438133479e-10
2.814469101158479320e-11
3.332230325504683990e-12
3.632820489110799485e-13
5.123581734980561368e-14
5.695504959708819857e-06
2.397305265074221436e-05
1.207094008167425476e-04
5.949346840133565685e-04
2.427176736184368151e-04
6.737980786399686982e-06
1.392116674030087781e-06
1.781026311532146563e-07
2.751288584775454587e-08
5.491454526958082807e-09
2.777175336313357047e-11
5.737852727410158523e-12
7.341061110442995141e-13
1.134807446692453122e-13
2.302167983301579772e-14
1.473939241442621171e-07
1.024019563452097043e-06
9.813508591663203581e-06
1.024016304252300324e-06
1.473778443648774956e-07
2.222072140058725253e-10
1.511883850414773528e-09
1.447962369907828632e-08
1.510920596886247096e-09
2.174548498684898156e-10
7.933434212680968287e-15
7.681456172614460053e-15
5.986660043389917822e-14
6.256300988637601852e-15
9.022049610256217697e-16
3.056118928349671507e-08
1.493730060140359899e-07
8.084651146138451443e-07
1.493569072988870753e-07
3.044940014635769006e-08
7.797443153337450724e-11
2.251908257937576864e-10
1.193430621053269086e-09
2.204328652084950363e-10
4.493525396868012674e-11
4.908103978752247951e-14
8.039960101295209199e-15
5.760991815981857529e-15
1.000450779573403521e-15
1.988361036414228653e-16
4.967582499910887310e-09
1.777076618781333898e-08
6.747653039940051095e-08
1.768310901564391959e-08
3.896052611166949028e-09
3.224534499533787790e-10
5.218091965911481986e-11
1.017258425446629916e-10
2.627392234037903739e-11
5.763768235356535097e-12
4.686099602036923339e-13
3.871093934701854398e-14
3.631993705674147317e-15
3.809561840760558139e-16
6.047842523986857672e-17
7.136189922947428569e-10
1.941868929476334315e-09
5.705611944070848271e-09
1.925770214327432974e-09
6.018298551557240443e-10
3.393535534817062893e-11
7.661190557351496515e-12
8.986240771791275860e-12
2.903229972088818942e-12
8.961777834762436848e-13
4.889952258829711849e-14
7.143361590223538615e-15
8.790314033077169008e-16
1.038522685017326168e-16
1.731890441606727013e-17
1.361997351102552538e-10
2.608690675684288080e-10
4.975248517582409959e-10
2.576098677717856811e-10
1.201199557256697584e-10
4.933443282029841996e-12
1.362669045624749466e-12
8.591711346954561629e-13
3.994155170981137701e-13
1.810791446471140606e-13
7.037890306149735982e-15
1.455495095237833063e-15
1.890364835739693406e-16
3.033991126097443044e-17
6.661054494390604818e-18
6.075097772778389937e-13
4.220675273571925021e-12
4.044808753673000931e-11
4.220661841022222857e-12
6.074435056623317847e-13
1.068592402332403578e-15
7.292671974001802894e-15
6.984994568639104553e-14
7.288701702647636480e-15
1.049004438582006623e-15
2.647346049812442887e-19
1.610667160629121853e-18
1.536929769409447486e-17
1.603799866649796532e-18
2.308537203940583230e-19
1.259633137068898293e-13
6.156670123281172133e-13
3.332230325504682779e-12
6.156006626702650125e-13
1.255025830875722353e-13
3.529415515345013432e-16
1.082940768641369969e-15
5.756736332343507361e-15
1.063329737841598576e-15
2.167629688814110172e-16
2.834680326440331899e-19
2.682896380306314603e-19
1.270164894829795327e-18
2.343688548583965730e-19
4.792283249414723326e-20
2.047504349485305894e-14
7.324633485434520272e-14
2.781201730646642216e-13
7.288506233489619130e-14
1.605881270630715024e-14
1.333103701669231877e-15
2.334004369553518694e-16
4.892062919791032054e-16
1.266187784605338239e-16
2.779421226767609121e-17
2.265691732685333968e-18
2.138445129790193799e-19
1.212096819988356901e-19
2.914654775953847408e-20
7.925651201906216675e-21
2.943062619782496517e-15
8.012341436985112545e-15
2.356316708921925685e-14
7.945991779132875456e-15
2.482332000464894943e-15
1.404994420285710206e-16
3.358963340561279904e-17
4.304102953463417485e-17
1.397860260584135059e-17
4.320859375480693101e-18
2.367267832576790577e-19
3.741270303889359142e-20
1.304474248648350847e-20
3.491919866658710171e-21
1.181583107793109762e-21
5.698470058666606626e-16
1.134104657498258765e-15
2.614971227843112039e-15
1.120672107796047606e-15
5.035753903595342361e-16
2.047554359618291177e-17
5.999908631221033144e-18
5.172684785634130101e-18
2.029637277053967300e-18
8.875798457861347064e-19
3.412923397374064374e-20
7.462612358719165485e-21
2.137384898807407127e-21
5.953183793937155075e-22
2.483493865546648560e-22
1.000000000000000000e+00
