nan nan -2.999999999999996447e+00 -2.999999999999996447e+00 nan -3.999999999999994671e+00
nan -3.999999999999994671e+00 -3.999999999999994671e+00 -1.999999999999998668e+00 nan -2.999999999999996447e+00
nan -2.999999999999996447e+00 nan -2.999999999999996447e+00 nan -3.999999999999994671e+00
nan nan -5.999999999999987566e+00 -3.999999999999994671e+00 nan -4.999999999999991118e+00
nan -4.999999999999991118e+00 -6.999999999999984013e+00 -4.999999999999991118e+00 nan -5.999999999999987566e+00
nan -5.999999999999987566e+00 nan -5.999999999999987566e+00 nan -6.999999999999984013e+00
nan nan -8.999999999999971578e+00 -6.999999999999984013e+00 nan -7.999999999999980460e+00
nan -7.999999999999980460e+00 -9.999999999999964473e+00 -7.999999999999980460e+00 nan -8.999999999999971578e+00
nan -8.999999999999971578e+00 nan -8.999999999999971578e+00 nan -9.999999999999964473e+00
nan nan -1.199999999999995026e+01 -9.999999999999964473e+00 nan -1.099999999999995737e+01
nan -1.099999999999995737e+01 -1.299999999999915090e+01 -1.099999999999995737e+01 nan -1.199999999999995026e+01
nan -1.199999999999995026e+01 nan -1.199999999999995026e+01 nan -1.299999999999994316e+01
nan nan -1.499999999999986500e+01 -1.299999999999994316e+01 nan -1.399999999999993605e+01
nan -1.399999999999993605e+01 -1.599998854318787522e+01 -1.399999999999993605e+01 nan -1.499999999999961631e+01
nan -1.499999999999992895e+01 nan -1.499999999999992895e+01 nan -1.599999894859146821e+01
-3.999999999999994671e+00 nan -1.999999999999998668e+00 -3.999999999999994671e+00 nan -2.999999999999996447e+00
-2.999999999999996447e+00 -2.999999999999996447e+00 -2.999999999999996447e+00 -2.999999999999996447e+00 -9.999999999999995559e-01 -1.999999999999998668e+00
-3.999999999999994671e+00 -1.999999999999998668e+00 -3.999999999999994671e+00 -3.999999999999994671e+00 nan -2.999999999999996447e+00
-4.999999999999991118e+00 -2.999999999999996447e+00 -4.999999999999991118e+00 -4.999999999999991118e+00 nan -3.999999999999994671e+00
-5.999999999999987566e+00 -3.999999999999994671e+00 -5.999999999999987566e+00 -5.999999999999987566e+00 nan -4.999999999999991118e+00
-6.999999999999984013e+00 -4.999999999999991118e+00 -6.999999999999984013e+00 -6.999999999999984013e+00 nan -5.999999999999987566e+00
-7.999999999999980460e+00 -5.999999999999987566e+00 -7.999999999999980460e+00 -7.999999999999980460e+00 nan -6.999999999999984013e+00
-8.999999999999971578e+00 -6.999999999999984013e+00 -8.999999999999971578e+00 -8.999999999999971578e+00 nan -7.999999999999980460e+00
-9.999999999999964473e+00 -7.999999999999980460e+00 -9.999999999999964473e+00 -9.999999999999964473e+00 nan -8.999999999999971578e+00
-1.099999999999995737e+01 -8.999999999999971578e+00 -1.099999999999995737e+01 -1.099999999999995737e+01 nan -9.999999999999964473e+00
-1.199999999999995026e+01 -9.999999999999964473e+00 -1.199999999999995026e+01 -1.199999999999995026e+01 nan -1.099999999999995737e+01
-1.299999999999994316e+01 -1.099999999999995737e+01 -1.299999999999994316e+01 -1.299999999999994316e+01 nan -1.199999999999995026e+01
-1.399999999999993605e+01 -1.199999999999995026e+01 -1.399999999999993605e+01 -1.399999999999993605e+01 nan -1.299999999999994316e+01
-1.499999999999992895e+01 -1.299999999999994316e+01 -1.499999999999992895e+01 -1.499999999999992895e+01 nan -1.399999999999993605e+01
-1.599999998053054995e+01 -1.399999999999993605e+01 nan -1.599999999796767369e+01 nan -1.499999999999992895e+01
-2.999999999999996447e+00 nan -2.999999999999996447e+00 nan nan -3.999999999999994671e+00
-1.999999999999998668e+00 -3.999999999999994671e+00 -3.999999999999994671e+00 -3.999999999999994671e+00 nan -2.999999999999996447e+00
-2.999999999999996447e+00 -2.999999999999996447e+00 nan nan nan -3.999999999999994671e+00
-3.999999999999994671e+00 nan -5.999999999999987566e+00 nan nan -4.999999999999991118e+00
-4.999999999999991118e+00 -4.999999999999991118e+00 -6.999999999999984013e+00 -6.999999999999984013e+00 nan -5.999999999999987566e+00
-5.999999999999987566e+00 -5.999999999999987566e+00 nan nan nan -6.999999999999984013e+00
-6.999999999999984013e+00 nan -8.999999999999971578e+00 nan nan -7.999999999999980460e+00
-7.999999999999980460e+00 -7.999999999999980460e+00 -9.999999999999964473e+00 -9.999999999999964473e+00 nan -8.999999999999971578e+00
-8.999999999999971578e+00 -8.999999999999971578e+00 nan nan nan -9.999999999999964473e+00
-9.999999999999964473e+00 nan -1.199999999999995026e+01 nan nan -1.099999999999995737e+01
-1.099999999999995737e+01 -1.099999999999995737e+01 -1.299999999999994316e+01 -1.299999999999994316e+01 nan -1.199999999999995026e+01
-1.199999999999995026e+01 -1.199999999999995026e+01 nan nan nan -1.299999999999994316e+01
-1.299999999999994316e+01 nan -1.499999999999992895e+01 nan nan -1.399999999999993605e+01
-1.399999999999993605e+01 -1.399999999999993605e+01 -1.599999999999992184e+01 -1.599999999999992184e+01 nan -1.499999999999992895e+01
-1.499999999999992895e+01 -1.499999999999992895e+01 nan nan nan -1.599999999581682708e+01
nan nan -3.999999999999994671e+00 -5.999999999999987566e+00 nan -4.999999999999991118e+00
-2.999999999999996447e+00 -4.999999999999991118e+00 -4.999999999999991118e+00 -4.999999999999991118e+00 nan -3.999999999999994671e+00
nan -3.999999999999994671e+00 nan -5.999999999999987566e+00 nan -4.999999999999991118e+00
nan nan -6.999999999999984013e+00 -6.999999999999984013e+00 nan -7.999999999999980460e+00
-5.999999999999987566e+00 -7.999999999999980460e+00 -7.999999999999980460e+00 -7.999999999999980460e+00 nan -6.999999999999984013e+00
nan -6.999999999999984013e+00 nan -8.999999999999971578e+00 nan -7.999999999999980460e+00
nan nan -9.999999999999964473e+00 -9.999999999999964473e+00 nan -1.099999999999995737e+01
-8.999999999999971578e+00 -1.099999999999995737e+01 -1.099999999999995737e+01 -1.099999999999995737e+01 nan -9.999999999999964473e+00
nan -9.999999999999964473e+00 nan -1.199999999999995026e+01 nan -1.099999999999995737e+01
nan nan -1.299999999999994316e+01 -1.299999999999994316e+01 nan -1.399999999999993605e+01
-1.199999999999995026e+01 -1.399999999999993605e+01 -1.399999999999993605e+01 -1.399999999999993605e+01 nan -1.299999999999994316e+01
nan -1.299999999999994316e+01 nan -1.499999999999992895e+01 nan -1.399999999999993605e+01
nan nan -1.599999999999992184e+01 -1.599999999999992184e+01 nan -1.699999999999950973e+01
-1.499999999999992895e+01 -1.699999999999990763e+01 -1.699999999999990763e+01 -1.699999999999990763e+01 nan -1.599999999999992184e+01
nan -1.599999999999992184e+01 nan -1.799999999912439108e+01 nan -1.699999999999990763e+01
-4.999999999999991118e+00 nan -4.999999999999991118e+00 -6.999999999999984013e+00 nan -5.999999999999987566e+00
-3.999999999999994671e+00 -5.999999999999987566e+00 -5.999999999999987566e+00 -5.999999999999987566e+00 nan -4.999999999999991118e+00
-4.999999999999991118e+00 -4.999999999999991118e+00 -6.999999999999984013e+00 -6.999999999999984013e+00 nan -5.999999999999987566e+00
-7.999999999999980460e+00 -5.999999999999987566e+00 -7.999999999999980460e+00 -7.999999999999980460e+00 nan -6.999999999999984013e+00
-6.999999999999984013e+00 -6.999999999999984013e+00 -8.999999999999971578e+00 -8.999999999999971578e+00 nan -7.999999999999980460e+00
-7.999999999999980460e+00 -7.999999999999980460e+00 -9.999999999999964473e+00 -9.999999999999964473e+00 nan -8.999999999999971578e+00
-1.099999999999995737e+01 -8.999999999999971578e+00 -1.099999999999995737e+01 -1.099999999999995737e+01 nan -9.999999999999964473e+00
-9.999999999999964473e+00 -9.999999999999964473e+00 -1.199999999999995026e+01 -1.199999999999995026e+01 nan -1.099999999999995737e+01
-1.099999999999995737e+01 -1.099999999999995737e+01 -1.299999999999994316e+01 -1.299999999999994316e+01 nan -1.199999999999995026e+01
-1.399999999999993605e+01 -1.199999999999995026e+01 -1.399999999999993605e+01 -1.399999999999993605e+01 nan -1.299999999999994316e+01
-1.299999999999994316e+01 -1.299999999999994316e+01 -1.499999999999992895e+01 -1.499999999999992895e+01 nan -1.399999999999993605e+01
-1.399999999999993605e+01 -1.399999999999993605e+01 -1.599999999999992184e+01 -1.599999999999992184e+01 nan -1.499999999999992895e+01
-1.699999999999990763e+01 -1.499999999999992895e+01 -1.699999999999990763e+01 -1.699999999999990763e+01 nan -1.599999999999992184e+01
-1.599999999999992184e+01 -1.599999999999992184e+01 -1.799999999999312905e+01 -1.799999999999442579e+01 nan -1.699999999999990763e+01
-1.699999999999990763e+01 -1.699999999999990763e+01 nan -1.899986855738765357e+01 nan -1.799999999998865974e+01
-5.999999999999987566e+00 nan -5.999999999999987566e+00 nan nan -6.999999999999984013e+00
-4.999999999999991118e+00 -6.999999999999984013e+00 -6.999999999999984013e+00 -6.999999999999984013e+00 nan -5.999999999999987566e+00
-5.999999999999987566e+00 -5.999999999999987566e+00 nan nan nan -6.999999999999984013e+00
-6.999999999999984013e+00 nan -8.999999999999971578e+00 nan nan -7.999999999999980460e+00
-7.999999999999980460e+00 -7.999999999999980460e+00 -9.999999999999964473e+00 -9.999999999999964473e+00 nan -8.999999999999971578e+00
-8.999999999999971578e+00 -8.999999999999971578e+00 nan nan nan -9.999999999999964473e+00
-9.999999999999964473e+00 nan -1.199999999999995026e+01 nan nan -1.099999999999995737e+01
-1.099999999999995737e+01 -1.099999999999995737e+01 -1.299999999999994316e+01 -1.299999999999994316e+01 nan -1.199999999999995026e+01
-1.199999999999995026e+01 -1.199999999999995026e+01 nan nan nan -1.299999999999994316e+01
-1.299999999999994316e+01 nan -1.499999999999992895e+01 nan nan -1.399999999999993605e+01
-1.399999999999993605e+01 -1.399999999999993605e+01 -1.599999999999992184e+01 -1.599999999999992184e+01 nan -1.499999999999992895e+01
-1.499999999999992895e+01 -1.499999999999992895e+01 nan nan nan -1.599999999999343814e+01
-1.599999999999992184e+01 nan -1.799999999999989342e+01 nan nan -1.699999999999990763e+01
-1.699999999999990763e+01 -1.699999999999990763e+01 -1.899999999999962697e+01 -1.899999999999805311e+01 nan -1.799999999999989342e+01
-1.799999999999989342e+01 -1.799999999999989342e+01 nan nan nan -1.899999969783601728e+01
nan nan -6.999999999999984013e+00 -8.999999999999971578e+00 nan -7.999999999999980460e+00
-5.999999999999987566e+00 -7.999999999999980460e+00 -7.999999999999980460e+00 -7.999999999999980460e+00 nan -6.999999999999984013e+00
nan -6.999999999999984013e+00 nan -8.999999999999971578e+00 nan -7.999999999999980460e+00
nan nan -9.999999999999964473e+00 -9.999999999999964473e+00 nan -1.099999999999995737e+01
-8.999999999999971578e+00 -1.099999999999995737e+01 -1.099999999999995737e+01 -1.099999999999995737e+01 nan -9.999999999999964473e+00
nan -9.999999999999964473e+00 nan -1.199999999999995026e+01 nan -1.099999999999995737e+01
nan nan -1.299999999999994316e+01 -1.299999999999994316e+01 nan -1.399999999999993605e+01
-1.199999999999995026e+01 -1.399999999999993605e+01 -1.399999999999993605e+01 -1.399999999999993605e+01 nan -1.299999999999994316e+01
nan -1.299999999999994316e+01 nan -1.499999999999992895e+01 nan -1.399999999999993605e+01
nan nan -1.599999999999992184e+01 -1.599999999999992184e+01 nan -1.699999999999990763e+01
-1.499999999999992895e+01 -1.699999999999990763e+01 -1.699999999999990763e+01 -1.699999999999990763e+01 nan -1.599999999999992184e+01
nan -1.599999999999992184e+01 nan -1.799999999999989342e+01 nan -1.699999999999990763e+01
nan nan -1.899999999999987921e+01 -1.899999999999987921e+01 nan -1.999999999999925393e+01
-1.799999999999989342e+01 -1.999999999999986500e+01 -1.999999999999986500e+01 -1.999999999999986500e+01 nan -1.899999999999987921e+01
nan -1.899999999999987921e+01 nan -2.099999999045977006e+01 nan -1.999999999999986500e+01
-7.999999999999980460e+00 nan -7.999999999999980460e+00 -9.999999999999964473e+00 nan -8.999999999999971578e+00
-6.999999999999984013e+00 -8.999999999999971578e+00 -8.999999999999971578e+00 -8.999999999999971578e+00 nan -7.999999999999980460e+00
-7.999999999999980460e+00 -7.999999999999980460e+00 -9.999999999999964473e+00 -9.999999999999964473e+00 nan -8.999999999999971578e+00
-1.099999999999995737e+01 -8.999999999999971578e+00 -1.099999999999995737e+01 -1.099999999999995737e+01 nan -9.999999999999964473e+00
-9.999999999999964473e+00 -9.999999999999964473e+00 -1.199999999999995026e+01 -1.199999999999995026e+01 nan -1.099999999999995737e+01
-1.099999999999995737e+01 -1.099999999999995737e+01 -1.299999999999994316e+01 -1.299999999999994316e+01 nan -1.199999999999995026e+01
-1.399999999999993605e+01 -1.199999999999995026e+01 -1.399999999999993605e+01 -1.399999999999993605e+01 nan -1.299999999999994316e+01
-1.299999999999994316e+01 -1.299999999999994316e+01 -1.499999999999992895e+01 -1.499999999999992895e+01 nan -1.399999999999993605e+01
-1.399999999999993605e+01 -1.399999999999993605e+01 -1.599999999999992184e+01 -1.599999999999992184e+01 nan -1.499999999999992895e+01
-1.699999999999990763e+01 -1.499999999999992895e+01 -1.699999999999990763e+01 -1.699999999999990763e+01 nan -1.599999999999992184e+01
-1.599999999999992184e+01 -1.599999999999992184e+01 -1.799999999999989342e+01 -1.799999999999989342e+01 nan -1.699999999999990763e+01
-1.699999999999990763e+01 -1.699999999999990763e+01 -1.899999999999987921e+01 -1.899999999999987921e+01 nan -1.799999999999989342e+01
-1.999999999999986500e+01 -1.799999999999989342e+01 -1.999999999999986500e+01 -1.999999999999986500e+01 nan -1.899999999999987921e+01
-1.899999999999987921e+01 -1.899999999999987921e+01 -2.099999999995752376e+01 -2.099999999999144507e+01 nan -1.999999999999986500e+01
-1.999999999999986500e+01 -1.999999999999986500e+01 nan -2.199992610675253601e+01 nan -2.099999999991519317e+01
-8.999999999999971578e+00 nan -8.999999999999971578e+00 nan nan -9.999999999999964473e+00
-7.999999999999980460e+00 -9.999999999999964473e+00 -9.999999999999964473e+00 -9.999999999999964473e+00 nan -8.999999999999971578e+00
-8.999999999999971578e+00 -8.999999999999971578e+00 nan nan nan -9.999999999999964473e+00
-9.999999999999964473e+00 nan -1.199999999999995026e+01 nan nan -1.099999999999995737e+01
-1.099999999999995737e+01 -1.099999999999995737e+01 -1.299999999999994316e+01 -1.299999999999994316e+01 nan -1.199999999999995026e+01
-1.199999999999995026e+01 -1.199999999999995026e+01 nan nan nan -1.299999999999994316e+01
-1.299999999999994316e+01 nan -1.499999999999992895e+01 nan nan -1.399999999999993605e+01
-1.399999999999993605e+01 -1.399999999999993605e+01 -1.599999999999992184e+01 -1.599999999999992184e+01 nan -1.499999999999992895e+01
-1.499999999999992895e+01 -1.499999999999992895e+01 nan nan nan -1.599999999999992184e+01
-1.599999999999992184e+01 nan -1.799999999999989342e+01 nan nan -1.699999999999990763e+01
-1.699999999999990763e+01 -1.699999999999990763e+01 -1.899999999999987921e+01 -1.899999999999987921e+01 nan -1.799999999999989342e+01
-1.799999999999989342e+01 -1.799999999999989342e+01 nan nan nan -1.899999999988030552e+01
-1.899999999999987921e+01 nan -2.099999999999985079e+01 nan nan -1.999999999999986500e+01
-1.999999999999986500e+01 -1.999999999999986500e+01 -2.199999999999657518e+01 -2.199999999999446132e+01 nan -2.099999999999985079e+01
-2.099999999999985079e+01 -2.099999999999985079e+01 nan nan nan -2.199999985935870228e+01
nan nan -9.999999999999964473e+00 -1.199999999999995026e+01 nan -1.099999999999995737e+01
-8.999999999999971578e+00 -1.099999999999995737e+01 -1.099999999999995737e+01 -1.099999999999995737e+01 nan -9.999999999999964473e+00
nan -9.999999999999964473e+00 nan -1.199999999999995026e+01 nan -1.099999999999995737e+01
nan nan -1.299999999999994316e+01 -1.299999999999994316e+01 nan -1.399999999999993605e+01
-1.199999999999995026e+01 -1.399999999999993605e+01 -1.399999999999993605e+01 -1.399999999999993605e+01 nan -1.299999999999994316e+01
nan -1.299999999999994316e+01 nan -1.499999999999992895e+01 nan -1.399999999999993605e+01
nan nan -1.599999999999992184e+01 -1.599999999999992184e+01 nan -1.699999999999990763e+01
-1.499999999999992895e+01 -1.699999999999990763e+01 -1.699999999999990763e+01 -1.699999999999990763e+01 nan -1.599999999999992184e+01
nan -1.599999999999992184e+01 nan -1.799999999999989342e+01 nan -1.699999999999990763e+01
nan nan -1.899999999999987921e+01 -1.899999999999987921e+01 nan -1.999999999999986500e+01
-1.799999999999989342e+01 -1.999999999999986500e+01 -1.999999999999986500e+01 -1.999999999999986500e+01 nan -1.899999999999987921e+01
nan -1.899999999999987921e+01 nan -2.099999999999985079e+01 nan -1.999999999999986500e+01
nan nan -2.199999999999983658e+01 -2.199999999999983658e+01 nan -2.299999999999901945e+01
-2.099999999999985079e+01 -2.299999999999982236e+01 -2.299999999999982236e+01 -2.299999999999982236e+01 nan -2.199999999999983658e+01
nan -2.199999999999983658e+01 nan -2.399999999250543681e+01 nan -2.299999999999982236e+01
-1.099999999999995737e+01 nan -1.099999999999995737e+01 -1.299999999980675014e+01 nan -1.199999999999995026e+01
-9.999999999999964473e+00 -1.199999999999995026e+01 -1.199999999999995026e+01 -1.199999999999995026e+01 nan -1.099999999999995737e+01
-1.099999999999995737e+01 -1.099999999999995737e+01 -1.299999999999994316e+01 -1.299999999999994316e+01 nan -1.199999999999995026e+01
-1.399999999999993605e+01 -1.199999999999995026e+01 -1.399999999999993605e+01 -1.399999999999993605e+01 nan -1.299999999999994316e+01
-1.299999999999994316e+01 -1.299999999999994316e+01 -1.499999999999992895e+01 -1.499999999999992895e+01 nan -1.399999999999993605e+01
-1.399999999999993605e+01 -1.399999999999993605e+01 -1.599999999999992184e+01 -1.599999999999992184e+01 nan -1.499999999999992895e+01
-1.699999999999990763e+01 -1.499999999999992895e+01 -1.699999999999990763e+01 -1.699999999999990763e+01 nan -1.599999999999992184e+01
-1.599999999999992184e+01 -1.599999999999992184e+01 -1.799999999999989342e+01 -1.799999999999989342e+01 nan -1.699999999999990763e+01
-1.699999999999990763e+01 -1.699999999999990763e+01 -1.899999999999987921e+01 -1.899999999999987921e+01 nan -1.799999999999989342e+01
-1.999999999999986500e+01 -1.799999999999989342e+01 -1.999999999999986500e+01 -1.999999999999986500e+01 nan -1.899999999999987921e+01
-1.899999999999987921e+01 -1.899999999999987921e+01 -2.099999999999985079e+01 -2.099999999999985079e+01 nan -1.999999999999986500e+01
-1.999999999999986500e+01 -1.999999999999986500e+01 -2.199999999999983658e+01 -2.199999999999983658e+01 nan -2.099999999999985079e+01
-2.299999999999982236e+01 -2.099999999999985079e+01 -2.299999999999982236e+01 -2.299999999999982236e+01 nan -2.199999999999983658e+01
-2.199999999999983658e+01 -2.199999999999983658e+01 -2.399999999988717292e+01 -2.399999999992674304e+01 nan -2.299999999999982236e+01
-2.299999999999982236e+01 -2.299999999999982236e+01 nan -2.499996301429621326e+01 nan -2.399999999996971312e+01
-1.199999999999995026e+01 nan -1.199999999999995026e+01 nan nan -1.299999999999994316e+01
-1.099999999999995737e+01 -1.299999999999994316e+01 -1.299999999999994316e+01 -1.299999999999994316e+01 nan -1.199999999999995026e+01
-1.199999999999995026e+01 -1.199999999999995026e+01 nan nan nan -1.299999999999994316e+01
-1.299999999999994316e+01 nan -1.499999999999992895e+01 nan nan -1.399999999999993605e+01
-1.399999999999993605e+01 -1.399999999999993605e+01 -1.599999999999992184e+01 -1.599999999999992184e+01 nan -1.499999999999992895e+01
-1.499999999999992895e+01 -1.499999999999992895e+01 nan nan nan -1.599999999999753442e+01
-1.599999999999992184e+01 nan -1.799999999999989342e+01 nan nan -1.699999999999990763e+01
-1.699999999999990763e+01 -1.699999999999990763e+01 -1.899999999999987921e+01 -1.899999999999987921e+01 nan -1.799999999999989342e+01
-1.799999999999989342e+01 -1.799999999999989342e+01 nan nan nan -1.899999999999493028e+01
-1.899999999999987921e+01 nan -2.099999999999985079e+01 nan nan -1.999999999999986500e+01
-1.999999999999986500e+01 -1.999999999999986500e+01 -2.199999999999983658e+01 -2.199999999999983658e+01 nan -2.099999999999985079e+01
-2.099999999999985079e+01 -2.099999999999985079e+01 nan nan nan -2.199999999763433678e+01
-2.199999999999983658e+01 nan -2.399999999999979394e+01 nan nan -2.299999999999982236e+01
-2.299999999999982236e+01 -2.299999999999982236e+01 -2.499999999715931409e+01 -2.499999999990569322e+01 nan -2.399999999999980815e+01
-2.399999999999980815e+01 -2.399999999999980815e+01 nan nan nan -2.499999974063291219e+01
nan nan -1.299999999999994316e+01 -1.499999999999964473e+01 nan -1.399999999999993605e+01
-1.199999999999995026e+01 -1.399999999999993605e+01 -1.399999999999993605e+01 -1.399999999999993605e+01 nan -1.299999999999994316e+01
nan -1.299999999999994316e+01 nan -1.499999999999992895e+01 nan -1.399999999999993605e+01
nan nan -1.599999999999992184e+01 -1.599999999999992184e+01 nan -1.699999999999989697e+01
-1.499999999999992895e+01 -1.699999999999990763e+01 -1.699999999999990763e+01 -1.699999999999990763e+01 nan -1.599999999999992184e+01
nan -1.599999999999992184e+01 nan -1.799999999999989342e+01 nan -1.699999999999990763e+01
nan nan -1.899999999999987921e+01 -1.899999999999987921e+01 nan -1.999999999999973710e+01
-1.799999999999989342e+01 -1.999999999999986500e+01 -1.999999999999986500e+01 -1.999999999999986500e+01 nan -1.899999999999987921e+01
nan -1.899999999999987921e+01 nan -2.099999999999985079e+01 nan -1.999999999999986500e+01
nan nan -2.199999999999983658e+01 -2.199999999999983658e+01 nan -2.299999999998354738e+01
-2.099999999999985079e+01 -2.299999999999982236e+01 -2.299999999999982236e+01 -2.299999999999982236e+01 nan -2.199999999999983658e+01
nan -2.199999999999983658e+01 nan -2.399999999999972289e+01 nan -2.299999999999982236e+01
nan nan -2.499999999999979394e+01 -2.499999999999979394e+01 nan -2.599999997232006166e+01
-2.399999999999980815e+01 -2.599999999999975486e+01 -2.599999999999948486e+01 -2.599999999999977973e+01 nan -2.499999999999979394e+01
nan -2.499999999999979394e+01 nan -2.699999852750161367e+01 nan -2.599999999999977973e+01
-1.399999999999993605e+01 nan -1.399999999999993605e+01 -1.599997613535084717e+01 nan -1.499999999999991296e+01
-1.299999999999994316e+01 -1.499999999999992895e+01 -1.499999999999992895e+01 -1.499999999999992895e+01 nan -1.399999999999993605e+01
-1.399999999999993605e+01 -1.399999999999993605e+01 -1.599999999999990408e+01 -1.599999999999992184e+01 nan -1.499999999999992895e+01
-1.699999999999990763e+01 -1.499999999999992895e+01 -1.699999999999990763e+01 -1.699999999999990763e+01 nan -1.599999999999992184e+01
-1.599999999999992184e+01 -1.599999999999992184e+01 -1.799999999999926814e+01 -1.799999999998202327e+01 nan -1.699999999999990763e+01
-1.699999999999990763e+01 -1.699999999999990763e+01 -1.899999999999776179e+01 -1.899999999999772626e+01 nan -1.799999999999989342e+01
-1.999999999999986500e+01 -1.799999999999989342e+01 -1.999999999999986500e+01 -1.999999999999986500e+01 nan -1.899999999999987921e+01
-1.899999999999987921e+01 -1.899999999999987921e+01 -2.099999999999389289e+01 -2.099999999993562128e+01 nan -1.999999999999986500e+01
-1.999999999999986500e+01 -1.999999999999986500e+01 -2.199999999999842615e+01 -2.199999999999281997e+01 nan -2.099999999999985079e+01
-2.299999999999982236e+01 -2.099999999999985079e+01 -2.299999999999982236e+01 -2.299999999999982236e+01 nan -2.199999999999983658e+01
-2.199999999999983658e+01 -2.199999999999983658e+01 -2.399999999873831058e+01 -2.399999999967450037e+01 nan -2.299999999999982236e+01
-2.299999999999982236e+01 -2.299999999999982236e+01 -2.499999999917418947e+01 -2.499999999897119451e+01 nan -2.399999999999980815e+01
-2.599999999999845812e+01 -2.399999999999980815e+01 -2.599999999999976907e+01 -2.599999999999974420e+01 nan -2.499999999999979394e+01
-2.499999999999979394e+01 -2.499999999999979394e+01 -2.699999891019218978e+01 -2.699999507643421381e+01 nan -2.599999999999969447e+01
-2.599999999999977973e+01 -2.599999999999977973e+01 nan -2.799932913515736388e+01 nan -2.699999999742996337e+01
-1.499999999999992895e+01 nan -1.499999999999992895e+01 nan nan -1.599999956075320995e+01
-1.399999999999993605e+01 -1.599999999761964986e+01 -1.599999999956240693e+01 nan nan -1.499999999999992895e+01
-1.499999999999992895e+01 -1.499999999999992895e+01 nan nan nan -1.599999999396332484e+01
-1.599999999999992184e+01 nan -1.799999999576291287e+01 nan nan -1.699999999999990763e+01
-1.699999999999990763e+01 -1.699999999999990763e+01 -1.899970151641182525e+01 nan nan -1.799999999993607247e+01
-1.799999999999989342e+01 -1.799999999999989342e+01 nan nan nan -1.899999954346718667e+01
-1.899999999999987921e+01 nan -2.099999999303496168e+01 nan nan -1.999999999999986500e+01
-1.999999999999986500e+01 -1.999999999999986500e+01 -2.199955215709774237e+01 nan nan -2.099999999981209697e+01
-2.099999999999985079e+01 -2.099999999999985079e+01 nan nan nan -2.199999972341227661e+01
-2.199999999999983658e+01 nan -2.399999998463289685e+01 nan nan -2.299999999999982236e+01
-2.299999999999982236e+01 -2.299999999999982236e+01 -2.499953009544919524e+01 nan nan -2.399999999895174341e+01
-2.399999999999980815e+01 -2.399999999999980815e+01 nan nan nan -2.499999993493848294e+01
-2.499999999999979394e+01 nan -2.699999678938235803e+01 nan nan -2.599999999999977973e+01
-2.599999999999977973e+01 -2.599999999999977973e+01 -2.799811051437048448e+01 nan nan -2.699999980571662306e+01
-2.699999999999972999e+01 -2.699999999999869615e+01 nan nan nan -2.799998774846306304e+01
nan nan nan nan nan nan
