nan nan 4.223187982515180794e-01 4.223187982515180794e-01 nan 1.553624034969638690e-01
0.000000000000000000e+00 8.259453944353561949e-02 8.259453944353561949e-02 6.102956854136224463e-01 nan 2.245152356993063147e-01
nan 4.223187982515180794e-01 nan 4.223187982515180794e-01 nan 1.553624034969638690e-01
nan nan 9.003057317038094809e-02 6.652409557748208968e-01 nan 2.447284710547981135e-01
0.000000000000000000e+00 3.994863046503023818e-01 5.406459218899680591e-02 3.994863046503023818e-01 nan 1.469627985103983403e-01
nan 4.223187982515179684e-01 nan 4.223187982515179684e-01 nan 1.553624034969640633e-01
8.259453944353561949e-02 0.000000000000000000e+00 6.102956854136224463e-01 8.259453944353561949e-02 nan 2.245152356993063147e-01
7.088509576696824799e-02 7.088509576696824799e-02 7.088509576696824799e-02 7.088509576696824799e-02 5.237739492001983743e-01 1.926856677319285782e-01
7.629314247787545578e-02 5.637343097327283115e-01 7.629314247787545578e-02 7.629314247787545578e-02 nan 2.073862628336453351e-01
7.629314247787552516e-02 5.637343097327282004e-01 7.629314247787552516e-02 7.629314247787552516e-02 nan 2.073862628336452241e-01
7.629314247787559455e-02 5.637343097327277563e-01 7.629314247787559455e-02 7.629314247787559455e-02 0.000000000000000000e+00 2.073862628336453628e-01
8.259453944353579991e-02 6.102956854136220022e-01 0.000000000000000000e+00 8.259453944353579991e-02 nan 2.245152356993064258e-01
4.223187982515180794e-01 nan 4.223187982515180794e-01 nan nan 1.553624034969638690e-01
5.637343097327283115e-01 7.629314247787545578e-02 7.629314247787545578e-02 7.629314247787545578e-02 nan 2.073862628336453351e-01
4.223187982515180794e-01 4.223187982515180794e-01 nan nan nan 1.553624034969638690e-01
6.652409557748208968e-01 nan 9.003057317038094809e-02 nan nan 2.447284710547981135e-01
3.789960383933221322e-01 3.789960383933221322e-01 5.129153620151475496e-02 5.129153620151475496e-02 nan 1.394248508103263506e-01
4.223187982515179684e-01 4.223187982515179684e-01 nan nan nan 1.553624034969640633e-01
nan nan 6.652409557748208968e-01 9.003057317038094809e-02 nan 2.447284710547981135e-01
5.637343097327282004e-01 7.629314247787552516e-02 7.629314247787552516e-02 7.629314247787552516e-02 nan 2.073862628336452241e-01
nan 6.652409557748208968e-01 nan 9.003057317038094809e-02 nan 2.447284710547981135e-01
nan nan 4.223187982515179684e-01 4.223187982515179684e-01 nan 1.553624034969640910e-01
5.637343097327276453e-01 7.629314247787559455e-02 7.629314247787559455e-02 7.629314247787559455e-02 nan 2.073862628336453628e-01
nan 6.652409557748204527e-01 nan 9.003057317038139218e-02 nan 2.447284710547980302e-01
3.994863046503023818e-01 0.000000000000000000e+00 3.994863046503023818e-01 5.406459218899680591e-02 nan 1.469627985103983403e-01
5.637343097327277563e-01 7.629314247787559455e-02 7.629314247787559455e-02 7.629314247787559455e-02 0.000000000000000000e+00 2.073862628336453628e-01
3.789960383933221322e-01 3.789960383933221322e-01 5.129153620151475496e-02 5.129153620151475496e-02 nan 1.394248508103263506e-01
7.629314247787559455e-02 5.637343097327276453e-01 7.629314247787559455e-02 7.629314247787559455e-02 nan 2.073862628336453628e-01
3.789960383933218546e-01 3.789960383933218546e-01 5.129153620151499088e-02 5.129153620151499088e-02 0.000000000000000000e+00 1.394248508103262396e-01
3.994863046503018822e-01 3.994863046503018822e-01 0.000000000000000000e+00 5.406459218899721531e-02 nan 1.469627985103989232e-01
4.223187982515179684e-01 nan 4.223187982515179684e-01 nan nan 1.553624034969640633e-01
6.102956854136220022e-01 8.259453944353579991e-02 8.259453944353579991e-02 0.000000000000000000e+00 nan 2.245152356993064258e-01
4.223187982515179684e-01 4.223187982515179684e-01 nan nan nan 1.553624034969640633e-01
6.652409557748204527e-01 nan 9.003057317038139218e-02 nan nan 2.447284710547980302e-01
3.994863046503018822e-01 3.994863046503018822e-01 5.406459218899721531e-02 0.000000000000000000e+00 nan 1.469627985103989232e-01
4.223187982515177463e-01 4.223187982515177463e-01 nan nan nan 1.553624034969645629e-01
nan nan nan nan nan nan
nan nan nan nan nan nan
nan nan nan nan nan nan
nan nan nan nan nan nan
nan nan nan nan nan nan
nan nan nan nan nan nan
nan nan nan nan nan nan
nan nan nan nan nan nan
nan nan nan nan nan nan
nan nan nan nan nan nan
nan nan nan nan nan nan
nan nan nan nan nan nan
