nan nan 1.495611432934346046e-06 7.903502807788162499e-03 9.920950015807789013e-01
nan nan 1.212607773776518079e-04 1.935292501826019944e-04 9.996852099724398144e-01
nan nan 1.789895536544733995e-04 2.336979456585610833e-04 9.995873125006868865e-01
9.314655996244329828e-01 nan 6.853440037556701725e-02 nan nan
9.314432113157070647e-01 nan 6.855678868429292139e-02 nan nan
8.334701281491662117e-01 nan 1.665298718508337883e-01 nan nan
nan nan 1.768531976466946267e-05 2.771009032879941667e-04 9.997052137769473212e-01
nan nan 1.439508669533918692e-03 9.427838460736982437e-03 9.891326528697291787e-01
nan nan 4.007961058173345470e-03 7.079816092969898333e-03 9.889122228488567146e-01
7.689762245484965675e-01 nan 2.310237754515034603e-01 nan nan
8.873490406199241454e-01 nan 1.126509593800757714e-01 nan nan
7.665084580360977951e-01 nan 2.334915419639022327e-01 nan nan
nan nan 4.971213719055625929e-05 1.079313903934577653e-05 9.999394947237700837e-01
nan nan 1.224157255634717410e-02 2.974982162964563757e-04 9.874609292273563987e-01
nan nan 4.420699559463065549e-04 7.921304266624122625e-04 9.987657996173913144e-01
8.674920380653267094e-01 nan 1.325079619346733462e-01 nan nan
9.463162538185182493e-01 nan 5.368374618148176458e-02 nan nan
7.586762439026609739e-01 nan 2.413237560973389983e-01 nan nan
nan 8.087092381554582543e-01 nan 1.912907618445416902e-01 nan
nan 7.036024176927069274e-01 nan 2.963975823072930726e-01 nan
nan 5.278131440070117364e-01 nan 4.721868559929883191e-01 nan
4.342636661040485957e-01 5.657363338959513488e-01 nan nan nan
6.695163806861429423e-01 3.304836193138570577e-01 nan nan nan
7.043505500888115334e-01 2.956494499111885221e-01 nan nan nan
nan 7.180537917322601382e-01 nan 2.819462082677398063e-01 nan
nan 7.253298241060901486e-01 nan 2.746701758939098514e-01 nan
nan 7.494978826180105358e-01 nan 2.505021173819895197e-01 nan
1.657235640815801769e-01 8.342764359184197120e-01 nan nan nan
4.826871494154684195e-01 5.173128505845314695e-01 nan nan nan
2.435438646307208077e-01 7.564561353692792478e-01 nan nan nan
nan 9.229489809827809976e-01 nan 7.705101901721904400e-02 nan
nan 4.839270902014858877e-01 nan 5.160729097985140568e-01 nan
nan 4.901483251019170262e-01 nan 5.098516748980829183e-01 nan
9.983516531455229048e-02 9.001648346854477234e-01 nan nan nan
2.713372839646744361e-01 7.286627160353256194e-01 nan nan nan
3.183258827693918880e-01 6.816741172306081120e-01 nan nan nan
nan nan 3.400750455169810695e-06 3.174252487999407735e-01 6.825713504496041528e-01
nan 3.089644529218166236e-01 nan 6.910355470781833764e-01 nan
1.201434086278792279e-01 nan 8.798565913721206888e-01 nan nan
4.293302621275523201e-01 5.706697378724477909e-01 nan nan nan
nan nan 6.235436929256266136e-01 2.746281785189938181e-04 3.761816788958544100e-01
6.671646948164137170e-01 nan 3.328353051835862830e-01 nan nan
nan 9.028144030794512664e-01 nan 9.718559692054867805e-02 nan
2.670616175409661341e-01 7.329383824590338659e-01 nan nan nan
nan nan 3.333333333333333148e-01 3.333333333333333148e-01 3.333333333333333148e-01
nan 8.034202555114442479e-01 nan 1.965797444885556966e-01 nan
8.164850033200758972e-01 nan 1.835149966799241306e-01 nan nan
6.339893420249397282e-01 3.660106579750602718e-01 nan nan nan
