nan nan 5.000000000000000000e-01 5.000000000000000000e-01 nan
nan nan 5.000000000000000000e-01 5.000000000000000000e-01 nan
nan nan 5.000000000000000000e-01 5.000000000000000000e-01 nan
nan nan 5.000000000000000000e-01 5.000000000000000000e-01 nan
nan nan 5.000000000000000000e-01 5.000000000000000000e-01 nan
nan 3.333333333333333148e-01 3.333333333333333148e-01 3.333333333333333148e-01 nan
nan 3.333333333333333148e-01 3.333333333333333148e-01 3.333333333333333148e-01 nan
nan 3.333333333333333148e-01 3.333333333333333148e-01 3.333333333333333148e-01 nan
nan 3.333333333333333148e-01 3.333333333333333148e-01 3.333333333333333148e-01 nan
nan 3.333333333333333148e-01 3.333333333333333148e-01 3.333333333333333148e-01 nan
nan 5.000000000000000000e-01 nan 5.000000000000000000e-01 nan
nan 5.000000000000000000e-01 nan 5.000000000000000000e-01 nan
nan 5.000000000000000000e-01 nan 5.000000000000000000e-01 nan
nan 5.000000000000000000e-01 nan 5.000000000000000000e-01 nan
nan 5.000000000000000000e-01 nan 5.000000000000000000e-01 nan
nan nan 5.000000000000000000e-01 5.000000000000000000e-01 nan
nan nan 5.000000000000000000e-01 5.000000000000000000e-01 nan
nan nan 5.000000000000000000e-01 5.000000000000000000e-01 nan
nan nan 5.000000000000000000e-01 5.000000000000000000e-01 nan
nan nan 5.000000000000000000e-01 5.000000000000000000e-01 nan
nan 3.333333333333333148e-01 3.333333333333333148e-01 3.333333333333333148e-01 nan
nan 3.333333333333333148e-01 3.333333333333333148e-01 3.333333333333333148e-01 nan
nan 3.333333333333333148e-01 3.333333333333333148e-01 3.333333333333333148e-01 nan
nan 3.333333333333333148e-01 3.333333333333333148e-01 3.333333333333333148e-01 nan
nan 3.333333333333333148e-01 3.333333333333333148e-01 3.333333333333333148e-01 nan
nan 5.000000000000000000e-01 nan 5.000000000000000000e-01 nan
nan 5.000000000000000000e-01 nan 5.000000000000000000e-01 nan
nan 5.000000000000000000e-01 nan 5.000000000000000000e-01 nan
nan 5.000000000000000000e-01 nan 5.000000000000000000e-01 nan
nan 5.000000000000000000e-01 nan 5.000000000000000000e-01 nan
nan nan 5.000000000000000000e-01 5.000000000000000000e-01 nan
nan nan 5.000000000000000000e-01 5.000000000000000000e-01 nan
nan nan 5.000000000000000000e-01 5.000000000000000000e-01 nan
nan nan 5.000000000000000000e-01 5.000000000000000000e-01 nan
nan nan 5.000000000000000000e-01 5.000000000000000000e-01 nan
nan 3.333333333333333148e-01 3.333333333333333148e-01 3.333333333333333148e-01 nan
nan 3.333333333333333148e-01 3.333333333333333148e-01 3.333333333333333148e-01 nan
nan 3.333333333333333148e-01 3.333333333333333148e-01 3.333333333333333148e-01 nan
nan 3.333333333333333148e-01 3.333333333333333148e-01 3.333333333333333148e-01 nan
nan 3.333333333333333148e-01 3.333333333333333148e-01 3.333333333333333148e-01 nan
nan 5.000000000000000000e-01 nan 5.000000000000000000e-01 nan
nan 5.000000000000000000e-01 nan 5.000000000000000000e-01 nan
nan 5.000000000000000000e-01 nan 5.000000000000000000e-01 nan
nan 5.000000000000000000e-01 nan 5.000000000000000000e-01 nan
nan 5.000000000000000000e-01 nan 5.000000000000000000e-01 nan
nan nan 5.000000000000000000e-01 5.000000000000000000e-01 nan
nan nan 5.000000000000000000e-01 5.000000000000000000e-01 nan
nan nan 5.000000000000000000e-01 5.000000000000000000e-01 nan
nan nan 5.000000000000000000e-01 5.000000000000000000e-01 nan
nan nan 5.000000000000000000e-01 5.000000000000000000e-01 nan
nan 3.333333333333333148e-01 3.333333333333333148e-01 3.333333333333333148e-01 nan
nan 3.333333333333333148e-01 3.333333333333333148e-01 3.333333333333333148e-01 nan
nan 3.333333333333333148e-01 3.333333333333333148e-01 3.333333333333333148e-01 nan
nan 3.333333333333333148e-01 3.333333333333333148e-01 3.333333333333333148e-01 nan
nan 3.333333333333333148e-01 3.333333333333333148e-01 3.333333333333333148e-01 nan
nan 5.000000000000000000e-01 nan 5.000000000000000000e-01 nan
nan 5.000000000000000000e-01 nan 5.000000000000000000e-01 nan
nan 5.000000000000000000e-01 nan 5.000000000000000000e-01 nan
nan 5.000000000000000000e-01 nan 5.000000000000000000e-01 nan
nan 5.000000000000000000e-01 nan 5.000000000000000000e-01 nan
nan nan 5.000000000000000000e-01 5.000000000000000000e-01 nan
nan nan 5.000000000000000000e-01 5.000000000000000000e-01 nan
nan nan 5.000000000000000000e-01 5.000000000000000000e-01 nan
nan nan 5.000000000000000000e-01 5.000000000000000000e-01 nan
nan nan 5.000000000000000000e-01 5.000000000000000000e-01 nan
nan 3.333333333333333148e-01 3.333333333333333148e-01 3.333333333333333148e-01 nan
nan 3.333333333333333148e-01 3.333333333333333148e-01 3.333333333333333148e-01 nan
nan 3.333333333333333148e-01 3.333333333333333148e-01 3.333333333333333148e-01 nan
nan 3.333333333333333148e-01 3.333333333333333148e-01 3.333333333333333148e-01 nan
nan 3.333333333333333148e-01 3.333333333333333148e-01 3.333333333333333148e-01 nan
nan 5.000000000000000000e-01 nan 5.000000000000000000e-01 nan
nan 5.000000000000000000e-01 nan 5.000000000000000000e-01 nan
nan 5.000000000000000000e-01 nan 5.000000000000000000e-01 nan
nan 5.000000000000000000e-01 nan 5.000000000000000000e-01 nan
nan 5.000000000000000000e-01 nan 5.000000000000000000e-01 nan
3.333333333333333148e-01 nan 3.333333333333333148e-01 3.333333333333333148e-01 nan
3.333333333333333148e-01 nan 3.333333333333333148e-01 3.333333333333333148e-01 nan
3.333333333333333148e-01 nan 3.333333333333333148e-01 3.333333333333333148e-01 nan
3.333333333333333148e-01 nan 3.333333333333333148e-01 3.333333333333333148e-01 nan
3.333333333333333148e-01 nan 3.333333333333333148e-01 3.333333333333333148e-01 nan
2.500000000000000000e-01 2.500000000000000000e-01 2.500000000000000000e-01 2.500000000000000000e-01 nan
2.500000000000000000e-01 2.500000000000000000e-01 2.500000000000000000e-01 2.500000000000000000e-01 nan
2.500000000000000000e-01 2.500000000000000000e-01 2.500000000000000000e-01 2.500000000000000000e-01 nan
2.500000000000000000e-01 2.500000000000000000e-01 2.500000000000000000e-01 2.500000000000000000e-01 nan
2.500000000000000000e-01 2.500000000000000000e-01 2.500000000000000000e-01 2.500000000000000000e-01 nan
3.333333333333333148e-01 3.333333333333333148e-01 nan 3.333333333333333148e-01 nan
3.333333333333333148e-01 3.333333333333333148e-01 nan 3.333333333333333148e-01 nan
3.333333333333333148e-01 3.333333333333333148e-01 nan 3.333333333333333148e-01 nan
3.333333333333333148e-01 3.333333333333333148e-01 nan 3.333333333333333148e-01 nan
3.333333333333333148e-01 3.333333333333333148e-01 nan 3.333333333333333148e-01 nan
3.333333333333333148e-01 nan 3.333333333333333148e-01 3.333333333333333148e-01 nan
3.333333333333333148e-01 nan 3.333333333333333148e-01 3.333333333333333148e-01 nan
3.333333333333333148e-01 nan 3.333333333333333148e-01 3.333333333333333148e-01 nan
3.333333333333333148e-01 nan 3.333333333333333148e-01 3.333333333333333148e-01 nan
3.333333333333333148e-01 nan 3.333333333333333148e-01 3.333333333333333148e-01 nan
2.500000000000000000e-01 2.500000000000000000e-01 2.500000000000000000e-01 2.500000000000000000e-01 nan
2.500000000000000000e-01 2.500000000000000000e-01 2.500000000000000000e-01 2.500000000000000000e-01 nan
2.500000000000000000e-01 2.500000000000000000e-01 2.500000000000000000e-01 2.500000000000000000e-01 nan
2.500000000000000000e-01 2.500000000000000000e-01 2.500000000000000000e-01 2.500000000000000000e-01 nan
2.500000000000000000e-01 2.500000000000000000e-01 2.500000000000000000e-01 2.500000000000000000e-01 nan
3.333333333333333148e-01 3.333333333333333148e-01 nan 3.333333333333333148e-01 nan
3.333333333333333148e-01 3.333333333333333148e-01 nan 3.333333333333333148e-01 nan
3.333333333333333148e-01 3.333333333333333148e-01 nan 3.333333333333333148e-01 nan
3.333333333333333148e-01 3.333333333333333148e-01 nan 3.333333333333333148e-01 nan
3.333333333333333148e-01 3.333333333333333148e-01 nan 3.333333333333333148e-01 nan
3.333333333333333148e-01 nan 3.333333333333333148e-01 3.333333333333333148e-01 nan
3.333333333333333148e-01 nan 3.333333333333333148e-01 3.333333333333333148e-01 nan
3.333333333333333148e-01 nan 3.333333333333333148e-01 3.333333333333333148e-01 nan
3.333333333333333148e-01 nan 3.333333333333333148e-01 3.333333333333333148e-01 nan
3.333333333333333148e-01 nan 3.333333333333333148e-01 3.333333333333333148e-01 nan
2.500000000000000000e-01 2.500000000000000000e-01 2.500000000000000000e-01 2.500000000000000000e-01 nan
2.500000000000000000e-01 2.500000000000000000e-01 2.500000000000000000e-01 2.500000000000000000e-01 nan
2.500000000000000000e-01 2.500000000000000000e-01 2.500000000000000000e-01 2.500000000000000000e-01 nan
2.500000000000000000e-01 2.500000000000000000e-01 2.500000000000000000e-01 2.500000000000000000e-01 nan
2.500000000000000000e-01 2.500000000000000000e-01 2.500000000000000000e-01 2.500000000000000000e-01 nan
3.333333333333333148e-01 3.333333333333333148e-01 nan 3.333333333333333148e-01 nan
3.333333333333333148e-01 3.333333333333333148e-01 nan 3.333333333333333148e-01 nan
3.333333333333333148e-01 3.333333333333333148e-01 nan 3.333333333333333148e-01 nan
3.333333333333333148e-01 3.333333333333333148e-01 nan 3.333333333333333148e-01 nan
3.333333333333333148e-01 3.333333333333333148e-01 nan 3.333333333333333148e-01 nan
3.333333333333333148e-01 nan 3.333333333333333148e-01 3.333333333333333148e-01 nan
3.333333333333333148e-01 nan 3.333333333333333148e-01 3.333333333333333148e-01 nan
3.333333333333333148e-01 nan 3.333333333333333148e-01 3.333333333333333148e-01 nan
3.333333333333333148e-01 nan 3.333333333333333148e-01 3.333333333333333148e-01 nan
3.333333333333333148e-01 nan 3.333333333333333148e-01 3.333333333333333148e-01 nan
2.500000000000000000e-01 2.500000000000000000e-01 2.500000000000000000e-01 2.500000000000000000e-01 nan
2.500000000000000000e-01 2.500000000000000000e-01 2.500000000000000000e-01 2.500000000000000000e-01 nan
2.500000000000000000e-01 2.500000000000000000e-01 2.500000000000000000e-01 2.500000000000000000e-01 nan
2.500000000000000000e-01 2.500000000000000000e-01 2.500000000000000000e-01 2.500000000000000000e-01 nan
2.500000000000000000e-01 2.500000000000000000e-01 2.500000000000000000e-01 2.500000000000000000e-01 nan
3.333333333333333148e-01 3.333333333333333148e-01 nan 3.333333333333333148e-01 nan
3.333333333333333148e-01 3.333333333333333148e-01 nan 3.333333333333333148e-01 nan
3.333333333333333148e-01 3.333333333333333148e-01 nan 3.333333333333333148e-01 nan
3.333333333333333148e-01 3.333333333333333148e-01 nan 3.333333333333333148e-01 nan
3.333333333333333148e-01 3.333333333333333148e-01 nan 3.333333333333333148e-01 nan
3.333333333333333148e-01 nan 3.333333333333333148e-01 3.333333333333333148e-01 nan
3.333333333333333148e-01 nan 3.333333333333333148e-01 3.333333333333333148e-01 nan
3.333333333333333148e-01 nan 3.333333333333333148e-01 3.333333333333333148e-01 nan
3.333333333333333148e-01 nan 3.333333333333333148e-01 3.333333333333333148e-01 nan
3.333333333333333148e-01 nan 3.333333333333333148e-01 3.333333333333333148e-01 nan
2.500000000000000000e-01 2.500000000000000000e-01 2.500000000000000000e-01 2.500000000000000000e-01 nan
2.500000000000000000e-01 2.500000000000000000e-01 2.500000000000000000e-01 2.500000000000000000e-01 nan
2.500000000000000000e-01 2.500000000000000000e-01 2.500000000000000000e-01 2.500000000000000000e-01 nan
2.500000000000000000e-01 2.500000000000000000e-01 2.500000000000000000e-01 2.500000000000000000e-01 nan
2.500000000000000000e-01 2.500000000000000000e-01 2.500000000000000000e-01 2.500000000000000000e-01 nan
3.333333333333333148e-01 3.333333333333333148e-01 nan 3.333333333333333148e-01 nan
3.333333333333333148e-01 3.333333333333333148e-01 nan 3.333333333333333148e-01 nan
3.333333333333333148e-01 3.333333333333333148e-01 nan 3.333333333333333148e-01 nan
3.333333333333333148e-01 3.333333333333333148e-01 nan 3.333333333333333148e-01 nan
3.333333333333333148e-01 3.333333333333333148e-01 nan 3.333333333333333148e-01 nan
3.333333333333333148e-01 nan 3.333333333333333148e-01 nan 3.333333333333333148e-01
3.333333333333333148e-01 nan 3.333333333333333148e-01 nan 3.333333333333333148e-01
3.333333333333333148e-01 nan 3.333333333333333148e-01 nan 3.333333333333333148e-01
3.333333333333333148e-01 nan 3.333333333333333148e-01 nan 3.333333333333333148e-01
3.333333333333333148e-01 nan 3.333333333333333148e-01 nan 3.333333333333333148e-01
3.333333333333333148e-01 3.333333333333333148e-01 3.333333333333333148e-01 nan nan
3.333333333333333148e-01 3.333333333333333148e-01 3.333333333333333148e-01 nan nan
3.333333333333333148e-01 3.333333333333333148e-01 3.333333333333333148e-01 nan nan
3.333333333333333148e-01 3.333333333333333148e-01 3.333333333333333148e-01 nan nan
3.333333333333333148e-01 3.333333333333333148e-01 3.333333333333333148e-01 nan nan
5.000000000000000000e-01 5.000000000000000000e-01 nan nan nan
5.000000000000000000e-01 5.000000000000000000e-01 nan nan nan
5.000000000000000000e-01 5.000000000000000000e-01 nan nan nan
5.000000000000000000e-01 5.000000000000000000e-01 nan nan nan
5.000000000000000000e-01 5.000000000000000000e-01 nan nan nan
3.333333333333333148e-01 nan 3.333333333333333148e-01 nan 3.333333333333333148e-01
3.333333333333333148e-01 nan 3.333333333333333148e-01 nan 3.333333333333333148e-01
3.333333333333333148e-01 nan 3.333333333333333148e-01 nan 3.333333333333333148e-01
3.333333333333333148e-01 nan 3.333333333333333148e-01 nan 3.333333333333333148e-01
3.333333333333333148e-01 nan 3.333333333333333148e-01 nan 3.333333333333333148e-01
3.333333333333333148e-01 3.333333333333333148e-01 3.333333333333333148e-01 nan nan
3.333333333333333148e-01 3.333333333333333148e-01 3.333333333333333148e-01 nan nan
3.333333333333333148e-01 3.333333333333333148e-01 3.333333333333333148e-01 nan nan
3.333333333333333148e-01 3.333333333333333148e-01 3.333333333333333148e-01 nan nan
3.333333333333333148e-01 3.333333333333333148e-01 3.333333333333333148e-01 nan nan
5.000000000000000000e-01 5.000000000000000000e-01 nan nan nan
5.000000000000000000e-01 5.000000000000000000e-01 nan nan nan
5.000000000000000000e-01 5.000000000000000000e-01 nan nan nan
5.000000000000000000e-01 5.000000000000000000e-01 nan nan nan
5.000000000000000000e-01 5.000000000000000000e-01 nan nan nan
3.333333333333333148e-01 nan 3.333333333333333148e-01 nan 3.333333333333333148e-01
3.333333333333333148e-01 nan 3.333333333333333148e-01 nan 3.333333333333333148e-01
3.333333333333333148e-01 nan 3.333333333333333148e-01 nan 3.333333333333333148e-01
3.333333333333333148e-01 nan 3.333333333333333148e-01 nan 3.333333333333333148e-01
3.333333333333333148e-01 nan 3.333333333333333148e-01 nan 3.333333333333333148e-01
3.333333333333333148e-01 3.333333333333333148e-01 3.333333333333333148e-01 nan nan
3.333333333333333148e-01 3.333333333333333148e-01 3.333333333333333148e-01 nan nan
3.333333333333333148e-01 3.333333333333333148e-01 3.333333333333333148e-01 nan nan
3.333333333333333148e-01 3.333333333333333148e-01 3.333333333333333148e-01 nan nan
3.333333333333333148e-01 3.333333333333333148e-01 3.333333333333333148e-01 nan nan
5.000000000000000000e-01 5.000000000000000000e-01 nan nan nan
5.000000000000000000e-01 5.000000000000000000e-01 nan nan nan
5.000000000000000000e-01 5.000000000000000000e-01 nan nan nan
5.000000000000000000e-01 5.000000000000000000e-01 nan nan nan
5.000000000000000000e-01 5.000000000000000000e-01 nan nan nan
3.333333333333333148e-01 nan 3.333333333333333148e-01 nan 3.333333333333333148e-01
3.333333333333333148e-01 nan 3.333333333333333148e-01 nan 3.333333333333333148e-01
3.333333333333333148e-01 nan 3.333333333333333148e-01 nan 3.333333333333333148e-01
3.333333333333333148e-01 nan 3.333333333333333148e-01 nan 3.333333333333333148e-01
3.333333333333333148e-01 nan 3.333333333333333148e-01 nan 3.333333333333333148e-01
3.333333333333333148e-01 3.333333333333333148e-01 3.333333333333333148e-01 nan nan
3.333333333333333148e-01 3.333333333333333148e-01 3.333333333333333148e-01 nan nan
3.333333333333333148e-01 3.333333333333333148e-01 3.333333333333333148e-01 nan nan
3.333333333333333148e-01 3.333333333333333148e-01 3.333333333333333148e-01 nan nan
3.333333333333333148e-01 3.333333333333333148e-01 3.333333333333333148e-01 nan nan
5.000000000000000000e-01 5.000000000000000000e-01 nan nan nan
5.000000000000000000e-01 5.000000000000000000e-01 nan nan nan
5.000000000000000000e-01 5.000000000000000000e-01 nan nan nan
5.000000000000000000e-01 5.000000000000000000e-01 nan nan nan
5.000000000000000000e-01 5.000000000000000000e-01 nan nan nan
3.333333333333333148e-01 nan 3.333333333333333148e-01 nan 3.333333333333333148e-01
3.333333333333333148e-01 nan 3.333333333333333148e-01 nan 3.333333333333333148e-01
3.333333333333333148e-01 nan 3.333333333333333148e-01 nan 3.333333333333333148e-01
3.333333333333333148e-01 nan 3.333333333333333148e-01 nan 3.333333333333333148e-01
3.333333333333333148e-01 nan 3.333333333333333148e-01 nan 3.333333333333333148e-01
3.333333333333333148e-01 3.333333333333333148e-01 3.333333333333333148e-01 nan nan
3.333333333333333148e-01 3.333333333333333148e-01 3.333333333333333148e-01 nan nan
3.333333333333333148e-01 3.333333333333333148e-01 3.333333333333333148e-01 nan nan
3.333333333333333148e-01 3.333333333333333148e-01 3.333333333333333148e-01 nan nan
3.333333333333333148e-01 3.333333333333333148e-01 3.333333333333333148e-01 nan nan
5.000000000000000000e-01 5.000000000000000000e-01 nan nan nan
5.000000000000000000e-01 5.000000000000000000e-01 nan nan nan
5.000000000000000000e-01 5.000000000000000000e-01 nan nan nan
5.000000000000000000e-01 5.000000000000000000e-01 nan nan nan
5.000000000000000000e-01 5.000000000000000000e-01 nan nan nan
3.333333333333333148e-01 nan 3.333333333333333148e-01 nan 3.333333333333333148e-01
