nan nan -5.969866572597412713e+00 -6.467208227785983254e+00 -2.999999999910277992e+00
nan nan -5.524000015105796635e+00 -5.341634868599858699e+00 -1.999999999898703917e+00
nan nan -4.988784931555787061e+00 -6.229290126321092913e+00 -2.999999998095129072e+00
nan -3.999999999977113863e+00 nan -8.733989578020484146e+00 nan
nan -4.999999999613270241e+00 nan -8.319498510044082806e+00 nan
nan -5.999999999999600320e+00 nan -9.468896317318151290e+00 nan
nan nan -5.342555709615596449e+00 -5.318269505338521164e+00 -1.999999999981229903e+00
nan nan -4.555956544269992747e+00 -4.161444481356978642e+00 -9.999999999700929232e-01
nan nan -3.999999999999995559e+00 -5.999732811853551340e+00 -1.999999999999999112e+00
nan -2.999999999999997335e+00 nan -8.117149391034251593e+00 nan
nan -3.999999999998709921e+00 nan -7.455617469016118548e+00 nan
nan -4.999999999972289721e+00 nan -8.526819977969148923e+00 nan
nan nan -6.053440425634722288e+00 -4.960596173366882411e+00 -2.999999999564226805e+00
nan nan -5.999827112254569883e+00 -3.999999999999995559e+00 -1.999999999999999112e+00
nan nan -4.974137654293453892e+00 -4.953609676688684793e+00 -2.999999993255410669e+00
nan -3.999999999999658495e+00 nan -7.511051779830861364e+00 nan
nan -4.999999999999994671e+00 nan -6.999999999994583888e+00 nan
nan -5.999999999870381906e+00 nan -7.901646820066160259e+00 nan
-3.999999999998566480e+00 nan -8.139657777974326436e+00 nan nan
-2.999999999999997335e+00 nan -8.329718569692314389e+00 nan nan
-3.999999999846227894e+00 nan -7.393479329509077047e+00 nan nan
-6.999997120983129761e+00 -6.999997803776879302e+00 nan nan nan
-5.999999999999991118e+00 -7.999907024977578551e+00 nan nan nan
-6.999999997037112287e+00 -8.961965249506969045e+00 nan nan nan
-4.999999999890751390e+00 nan -8.467229244125896059e+00 nan nan
-3.999999999993017141e+00 nan -7.701696136744152099e+00 nan nan
-4.999999999999994671e+00 nan -6.999999999838897757e+00 nan nan
-7.999929807925234115e+00 -5.999999999999991118e+00 nan nan nan
-6.999998106505309181e+00 -6.999999563513821244e+00 nan nan nan
-7.999999187902048448e+00 -7.999999609645245258e+00 nan nan nan
-5.999999999973736564e+00 nan -9.342591810557943077e+00 nan nan
-4.999999999996301625e+00 nan -8.285693619035264135e+00 nan nan
-5.999999999882262181e+00 nan -7.971432933397164078e+00 nan nan
-8.967185480314174839e+00 -6.999999999379625137e+00 nan nan nan
-7.999994604586732727e+00 -7.999985582891862457e+00 nan nan nan
-8.999990090950710453e+00 -8.999996383850220383e+00 nan nan nan
nan nan 0.000000000000000000e+00 0.000000000000000000e+00 0.000000000000000000e+00
