nan nan -1.640503904093278464e+01 -7.832512815827915809e+00 -2.999999999999999112e+00
nan nan -1.101725230692354884e+01 -1.054976705359980471e+01 -1.999999999999999556e+00
nan nan -1.162777034062047932e+01 -1.136106833428666185e+01 -2.999999999999999112e+00
-4.207784705148495163e+01 nan -4.468727049628407855e+01 nan nan
-4.149230459225383072e+01 nan -4.410137738196738866e+01 nan nan
-4.235915816426302172e+01 nan -4.396958132291457133e+01 nan nan
nan nan -1.294248082466571859e+01 -1.019083401662893351e+01 -1.999999999999999556e+00
nan nan -7.532526597256332224e+00 -5.653161599972602147e+00 -9.999999999999997780e-01
nan nan -7.508322926534171771e+00 -6.939357642445886043e+00 -1.999999999999999556e+00
-4.348305586394501177e+01 nan -4.468559528635258005e+01 nan nan
-4.216208145415340880e+01 nan -4.422602568264943557e+01 nan nan
-4.319588980260972733e+01 nan -4.438458968188032117e+01 nan nan
nan nan -1.290920093850360395e+01 -1.443653939273411524e+01 -2.999999999999999112e+00
nan nan -6.390299184995672732e+00 -1.010748398030975181e+01 -1.999999999999999556e+00
nan nan -1.072280745440328609e+01 -1.013954953694367589e+01 -2.999999999999999112e+00
-4.446837719638150332e+01 nan -4.634734079644377402e+01 nan nan
-4.353625943119801889e+01 nan -4.640572597323021142e+01 nan nan
-4.445991135540144512e+01 nan -4.560534706742254230e+01 nan nan
nan -4.074043813649341672e+01 nan -4.218208299616956936e+01 nan
nan -4.111253653974835487e+01 nan -4.197704825225014247e+01 nan
nan -4.294477141576041390e+01 nan -4.305613895431903870e+01 nan
-4.359781623619364410e+01 -4.333333998291821132e+01 nan nan nan
-4.360378540905398381e+01 -4.430978394621361360e+01 nan nan nan
-4.527274289024253306e+01 -4.614084460127950393e+01 nan nan nan
nan -4.031503885289880884e+01 nan -4.124986703606867167e+01 nan
nan -4.095864744139927183e+01 nan -4.192970290513373754e+01 nan
nan -4.348366384273758456e+01 nan -4.457959996210497877e+01 nan
-4.486774212865005751e+01 -4.325149844690077572e+01 nan nan nan
-4.422788086898157189e+01 -4.415860177064401171e+01 nan nan nan
-4.559384998031733005e+01 -4.446050250093897205e+01 nan nan nan
nan -3.935721288403004792e+01 nan -4.184031905471631063e+01 nan
nan -4.133283362767240732e+01 nan -4.126851982940303998e+01 nan
nan -4.230787734314641568e+01 nan -4.226846554285008750e+01 nan
-4.581849946688880948e+01 -4.361944204979906203e+01 nan nan nan
-4.518669453011175108e+01 -4.419884620907932771e+01 nan nan nan
-4.652776297783618276e+01 -4.576628691479028532e+01 nan nan nan
nan nan -1.520962621398499515e+01 -3.765624710615640858e+00 -2.999999999999999112e+00
nan -4.285805374649277155e+01 nan -4.205308871229090073e+01 nan
-4.252733226132181699e+01 nan -4.053625943263060094e+01 nan nan
-4.646478353511756865e+01 -4.618019934985363051e+01 nan nan nan
nan nan -2.494653375714396937e+00 -1.022240938955538070e+01 -2.999999999999999112e+00
-4.436887239960121576e+01 nan -4.506426154519503058e+01 nan nan
nan -4.048647770827176373e+01 nan -4.271537218621855914e+01 nan
-4.713029422957141890e+01 -4.612071200242999680e+01 nan nan nan
nan nan 0.000000000000000000e+00 0.000000000000000000e+00 0.000000000000000000e+00
nan -4.165286732267014713e+01 nan -4.306067708316068376e+01 nan
-4.333796406395323686e+01 nan -4.483067621923375867e+01 nan nan
-4.416473481607993534e+01 -4.471410450656182434e+01 nan nan nan
