nan nan nan nan -7.307466857927100712e+00
nan nan nan nan -7.619414640936911454e+00
nan nan nan nan -5.872241348181006515e+00
nan nan nan nan -4.586597311876124294e+00
nan nan nan nan -4.799612263400119261e+00
nan nan nan nan -7.553801823327483511e+00
nan nan nan nan -6.291065099094701907e+00
nan nan nan nan -4.048640106574088904e+00
nan nan nan nan -4.074627706809919481e+00
nan nan nan nan -4.005082674509139018e+00
nan nan nan nan -7.508702283399819599e+00
nan nan nan nan -4.393437652590312936e+00
nan nan nan nan -4.136633474367579666e+00
nan nan nan nan -2.963880148311338836e+00
nan nan nan nan -4.804301770671242089e+00
nan nan nan nan -7.021691440523575523e+00
nan nan nan nan -5.034704925456110480e+00
nan nan nan nan -6.278836052436011173e+00
nan nan nan nan -3.627339709736149942e+00
nan nan nan nan -3.777612714907385261e+00
nan nan nan nan -9.216680530085596956e+00
nan nan nan nan -7.398181449038609969e+00
nan nan nan nan -6.060222735035072361e+00
nan nan nan nan -4.433949475727191114e+00
nan nan nan nan -5.005824950982404431e+00
nan nan nan nan nan
nan nan nan nan nan
nan nan nan nan nan
nan nan nan nan nan
nan nan nan nan nan
