nan nan -7.999997530199179252e+00 -7.999968764504306940e+00 -5.999999999999987566e+00 -6.999999999999602096e+00
nan nan -6.999980779208508253e+00 -4.999999999999991118e+00 nan -5.999999999999987566e+00
nan nan -7.999985310874456523e+00 -7.999996359433938942e+00 -5.999999999999987566e+00 -6.999999999999947597e+00
nan nan -4.999999999999991118e+00 -6.999991226558130109e+00 nan -5.999999999999987566e+00
nan nan -1.199829992787986477e+01 -1.199901786081257349e+01 -9.999940536117925660e+00 -1.099988165359622272e+01
nan nan -8.999966507628682777e+00 -8.999953012012104736e+00 nan -9.999857341941851274e+00
-7.999992375586449711e+00 nan -7.999994706938519329e+00 nan -5.999999999999987566e+00 -6.999999999998048672e+00
-4.999999999999991118e+00 nan -6.999995107623479207e+00 nan nan -5.999999999999987566e+00
-1.199904410888932738e+01 nan -1.199893819704979592e+01 nan -9.999880038637058988e+00 -1.099976042331457649e+01
-8.999987254989067154e+00 nan -8.999904088977443095e+00 nan nan -9.999776248502168841e+00
-7.999995711553482103e+00 nan -7.999990259656130753e+00 nan -5.999999999999987566e+00 -6.999999999999976019e+00
-6.999982877118274160e+00 nan -4.999999999999991118e+00 nan nan -5.999999999999987566e+00
nan -7.999994446220853206e+00 nan -7.999995666968931829e+00 -5.999999999999987566e+00 -6.999999999999904077e+00
nan -4.999999999999991118e+00 nan -6.999995984592822573e+00 nan -5.999999999999987566e+00
nan -1.199903052067155684e+01 nan -1.199852854796157331e+01 -9.999733755159864401e+00 -1.099960535616545876e+01
nan -8.999774667400556538e+00 nan -8.999950000832811270e+00 nan -9.999603211803416158e+00
nan -7.999979789231984384e+00 nan -7.999977996963690607e+00 -5.999999999999987566e+00 -6.999999999999868550e+00
nan -6.999996000004608199e+00 nan -4.999999999999991118e+00 nan -5.999999999999936939e+00
-1.199754500047172812e+01 -1.199867056788180975e+01 nan nan -9.999944328088290035e+00 -1.099992309492495046e+01
-8.999976755066628087e+00 -8.999949755117679473e+00 nan nan nan -9.999909629051806803e+00
-7.999982021240464647e+00 -7.999992580959766286e+00 nan nan -5.999999999999987566e+00 -6.999999999999936939e+00
-6.999994064467157884e+00 -4.999999999999991118e+00 nan nan nan -5.999999999999987566e+00
-7.997576596970970009e+00 -7.997499286583471090e+00 nan nan -5.999999999999987566e+00 -6.999999735031012804e+00
-4.999999999999991118e+00 -6.999741804855492688e+00 nan nan nan -5.999999999947775109e+00
-6.999999999999984013e+00 nan -8.998204792348673209e+00 -8.999898894539317240e+00 nan -7.999999999756681746e+00
nan -6.999999999999984013e+00 -8.999641959099847099e+00 -8.999094176249553101e+00 nan -7.999999974924364210e+00
-7.999999969975877256e+00 -7.999999988125225947e+00 -9.936526512532150690e+00 -9.931332586420573705e+00 nan -8.998494164341618529e+00
nan -7.999999999999975131e+00 -9.977033527155887427e+00 -9.983819783835009787e+00 nan -8.999997004749713980e+00
-8.999996015200851573e+00 -8.999978320818742716e+00 -1.080874839728100589e+01 -1.088744771601922068e+01 nan -9.995161247760769641e+00
nan -8.999999978251796762e+00 -1.097388838008050982e+01 -1.095262409587269303e+01 nan -9.999724683375411871e+00
-9.999933839483166054e+00 -9.999203258861712129e+00 -1.163798571535098958e+01 -1.162577839784755618e+01 nan -1.094267798440611728e+01
nan -9.999958765462558574e+00 nan -1.161403292209244320e+01 nan -1.096162934253092480e+01
-1.098320681363725981e+01 -1.099186346785575275e+01 nan -1.222275351388751119e+01 nan -1.183053650630397868e+01
-7.999999999999980460e+00 nan -9.996195544156620372e+00 -9.975813003693453140e+00 nan -8.999997797992490334e+00
-8.999993173284618564e+00 -8.999999601907861191e+00 -1.082617625241809023e+01 -1.089311962703904513e+01 nan -9.987874635026772197e+00
-9.999627916189636423e+00 -9.999795474502555237e+00 -1.169259343845570953e+01 -1.169548783924484603e+01 nan -1.094398012889890026e+01
-1.099257027805396447e+01 -1.099087640090338525e+01 -1.235536590352656461e+01 -1.222960221404452241e+01 nan -1.181760473026175440e+01
-1.192381556752648919e+01 -1.193660586731049555e+01 nan -1.296669186956618702e+01 nan -1.255846632582495026e+01
-8.999999982532990828e+00 nan -1.079730553438782259e+01 -1.092153364899695944e+01 nan -9.998251518159502638e+00
-9.999823696720183008e+00 -9.998664352904997443e+00 -1.169386510108927624e+01 -1.168362973419093720e+01 nan -1.089344874317559331e+01
-1.099586527865790941e+01 -1.099463390451246880e+01 -1.218217246464915426e+01 -1.242149091424224849e+01 nan -1.189059910110228913e+01
-1.191425538245769999e+01 -1.195770738351410323e+01 -1.292855460593954042e+01 -1.300877978731650231e+01 nan -1.270663471588481030e+01
-1.280586548372429512e+01 -1.269587202237469548e+01 nan -1.347594983980052064e+01 nan -1.313574492192798360e+01
-9.999928745668135832e+00 nan -1.152777350001678514e+01 nan nan -1.096206027935960847e+01
-1.098192790899032012e+01 -1.099133263107091452e+01 -1.233804812778308957e+01 nan nan -1.180419210252158102e+01
-1.196323755419224533e+01 -1.192821619540024436e+01 -1.302772524922884578e+01 nan nan -1.259686944368019823e+01
-1.280314276961816056e+01 -1.275033716922929372e+01 -1.354901284140530748e+01 nan nan -1.333455673189124369e+01
-1.326200048142565535e+01 -1.352712743564481457e+01 nan nan nan -1.349844750677057448e+01
-6.999999999999984013e+00 nan -8.998320588849926693e+00 -8.999253896950344611e+00 nan -7.999999989082950513e+00
nan -6.999999999999984013e+00 -8.997859282697989514e+00 -8.997376580701372362e+00 nan -7.999999954156574944e+00
-7.999999967968617121e+00 -7.999999998677443713e+00 -9.913697882365340774e+00 -9.912301362163216112e+00 nan -8.996625789661051087e+00
nan -7.999999999999909406e+00 -9.989900618082922179e+00 -9.977859477920089759e+00 nan -8.999993543443014943e+00
-8.999991738798318153e+00 -8.999993138067033271e+00 -1.088674826928803796e+01 -1.085950364275370106e+01 nan -9.986753451861146047e+00
nan -8.999999986236863592e+00 -1.091878869899176507e+01 -1.093907821546780568e+01 nan -9.997748271632628914e+00
-9.999710249867943546e+00 -9.999694538669460897e+00 -1.155543970508633578e+01 -1.168013619850375662e+01 nan -1.094476533107039273e+01
nan -9.999790940750045820e+00 nan -1.165496174637945970e+01 nan -1.095654022126344351e+01
-1.098656204793248392e+01 -1.098302708961837659e+01 nan -1.223991379532426294e+01 nan -1.176067369419388697e+01
-7.999999999999979572e+00 nan -9.982971330071212179e+00 -9.991919122567029632e+00 nan -8.999988184889538445e+00
-8.999993020977335334e+00 -8.999996931821625523e+00 -1.085940342395871383e+01 -1.092574999161072746e+01 nan -9.970312014046145421e+00
-9.999651014007937988e+00 -9.999722232866171012e+00 -1.166842927496866622e+01 -1.177655164592508186e+01 nan -1.095425045309755951e+01
-1.099074778990945589e+01 -1.099589129095802242e+01 -1.260217820829338109e+01 -1.264161824723841221e+01 nan -1.182850284294507759e+01
-1.193368164510383345e+01 -1.195750608650871527e+01 nan -1.331817725657784734e+01 nan -1.250580324409343191e+01
-8.999999996419507653e+00 nan -1.091754634719838535e+01 -1.097449160609611596e+01 nan -9.999683987322145029e+00
-9.999832234567600509e+00 -9.999845636566984552e+00 -1.174735130405758277e+01 -1.176422223211761420e+01 nan -1.097673572397881259e+01
-1.099111259612634584e+01 -1.099721473976122965e+01 -1.248844815964740818e+01 -1.234392919908616548e+01 nan -1.188834158123722418e+01
-1.196863393357992678e+01 -1.195427116943425538e+01 -1.319618583338945506e+01 -1.329847439852987634e+01 nan -1.264825609594585032e+01
-1.285125937023115306e+01 -1.281499446286897737e+01 nan -1.376092682362044783e+01 nan -1.336755697280234934e+01
-9.999950062611706159e+00 nan -1.181737601137960958e+01 nan nan -1.098623739595254101e+01
-1.099039940241925351e+01 -1.099094492250033284e+01 -1.254245550676385967e+01 nan nan -1.179635106209511619e+01
-1.195008705288230999e+01 -1.196001771032829097e+01 -1.286746251391125284e+01 nan nan -1.262201643880048429e+01
-1.280125811550581005e+01 -1.280794041991080157e+01 -1.349251256871997029e+01 nan nan -1.327779969432086027e+01
-1.364806659532957056e+01 -1.352378412075185210e+01 nan nan nan -1.408527219351576854e+01
-1.099991238465407761e+01 nan -1.298785401472019174e+01 -1.298781962784838484e+01 nan -1.199965277518821338e+01
nan -1.099991135362760453e+01 -1.298888995900273535e+01 -1.298081996124701654e+01 nan -1.199955995989839508e+01
-1.199968171898624547e+01 -1.199936525177458435e+01 -1.388881755174340604e+01 -1.386534499320559455e+01 nan -1.299102071215367360e+01
nan -1.199982397751108643e+01 -1.388547190167134104e+01 -1.391328531617126885e+01 nan -1.299819613092045323e+01
-1.299908619009879907e+01 -1.299528576004019342e+01 -1.473376717557403204e+01 -1.473282033955326042e+01 nan -1.396873907171890927e+01
nan -1.299952661575753687e+01 -1.477499764574806562e+01 -1.485734153929277213e+01 nan -1.396836777638028337e+01
-1.399453166561651507e+01 -1.398487961696371684e+01 -1.538922264573520948e+01 -1.550376816701797544e+01 nan -1.490409479041144003e+01
nan -1.399445783049361758e+01 nan -1.537860648981137146e+01 nan -1.490193799600633895e+01
-1.493365741861157048e+01 -1.491204848011048867e+01 nan -1.580438392023556382e+01 nan -1.554721428615596679e+01
-1.199979353267904081e+01 nan -1.397040356083120827e+01 -1.396874533669402574e+01 nan -1.299871333109151728e+01
-1.299758813761088128e+01 -1.299915099639488325e+01 -1.462322052533964722e+01 -1.473782755649702558e+01 nan -1.392586103311843004e+01
-1.398436347126441959e+01 -1.398553996605882155e+01 -1.556659576276780932e+01 -1.554587793600012091e+01 nan -1.481762432218007319e+01
-1.495164896388464371e+01 -1.494127519394527503e+01 -1.606922944953987198e+01 -1.631912058416899569e+01 nan -1.570843935295876648e+01
-1.570275535826846536e+01 -1.574795498406183114e+01 nan -1.658771115764537285e+01 nan -1.628472822431827183e+01
-1.299955221382852599e+01 nan -1.479623081004848117e+01 -1.489835421979693386e+01 nan -1.398175946831845629e+01
-1.398688644862541608e+01 -1.398692365106817093e+01 -1.548292856865904987e+01 -1.532061761682044576e+01 nan -1.483652173495874571e+01
-1.494002134768801149e+01 -1.490557821697412066e+01 -1.615309208988536938e+01 -1.628859771540722434e+01 nan -1.569688546494251291e+01
-1.584933399182087754e+01 -1.580476056871400559e+01 -1.678541701257931607e+01 -1.684965243207015817e+01 nan -1.649368374164268403e+01
-1.637347861450384556e+01 -1.656348654005418553e+01 nan -1.723380249933280339e+01 nan -1.688580850145060097e+01
-1.399470724917240538e+01 nan -1.557614791677308830e+01 nan nan -1.485979944422373933e+01
-1.491194161187401690e+01 -1.494526371794293773e+01 -1.585551188984163495e+01 nan nan -1.557065691501131433e+01
-1.576859465844872688e+01 -1.573027891939601020e+01 -1.664112595815759477e+01 nan nan -1.642852451528655422e+01
-1.659885743606377417e+01 -1.642132500034079001e+01 -1.719932144326832102e+01 nan nan -1.689357374034671011e+01
-1.707642199106352976e+01 -1.700908345445009928e+01 nan nan nan -1.743009222475232534e+01
nan nan -1.156631062217755535e+01 -9.999900457309323087e+00 nan -1.094748514029371478e+01
-1.095328399673958941e+01 nan -1.092853399550432059e+01 -8.999999996671283142e+00 nan -9.999184610915714089e+00
nan -1.098941956084336624e+01 -1.237329674137353663e+01 -1.099024509478602063e+01 nan -1.188203725545159628e+01
-1.156093998888222352e+01 -9.999683595887686849e+00 -1.170896262677186606e+01 -9.999857290195214077e+00 nan -1.095843310257213510e+01
nan -1.194965358518325971e+01 -1.306731568777278518e+01 -1.193102598675178072e+01 nan -1.258578597186965453e+01
-1.235596358398136374e+01 -1.099296729418829166e+01 -1.244052312401165850e+01 -1.099562468351246380e+01 nan -1.186189690181190137e+01
nan -1.283799532948588862e+01 -1.337789397489180487e+01 -1.275052057679313755e+01 nan -1.333038566447749318e+01
-1.312453200389193597e+01 -1.195531629509150129e+01 -1.315699700112464399e+01 -1.191435207728322609e+01 nan -1.265324383580625955e+01
nan -1.353520034528732197e+01 nan -1.332814535439501924e+01 nan -1.373930837482183520e+01
-1.341265337573709537e+01 -1.275436146464267750e+01 nan -1.275839430418284870e+01 nan -1.338949069169963835e+01
-9.996529928456871161e+00 nan -9.992980918523919343e+00 -7.999999999999980460e+00 nan -8.999996525173816764e+00
-1.091281580717212485e+01 -8.999994542767998595e+00 -1.092103293395330610e+01 -8.999997783671139118e+00 nan -9.989138102042794287e+00
-1.163104753494362775e+01 -9.999754300890501213e+00 -1.170832465002884071e+01 -9.999783844326556093e+00 nan -1.097304938647703665e+01
-1.250897575389245198e+01 -1.099419880193391208e+01 -1.240852770642219127e+01 -1.096982351968633473e+01 nan -1.176017998248537388e+01
-1.308778016883616147e+01 -1.188139129338515332e+01 nan -1.191223163705362076e+01 nan -1.253399251417910421e+01
-8.999817255714942732e+00 nan -8.998698692587723258e+00 -6.999999999999984013e+00 nan -7.999999963286756000e+00
-9.882114089234452337e+00 -7.999999994242172896e+00 -9.946251458674055357e+00 -7.999999999075998680e+00 nan -8.999362031667908823e+00
-1.084811308679846675e+01 -8.999985958623957671e+00 -1.077559614008209721e+01 -8.999985392447790389e+00 nan -9.985166783384631373e+00
-1.144722711019592154e+01 -9.997450635399012242e+00 -1.138827518367836866e+01 -9.999664340064033041e+00 nan -1.091927689209731156e+01
-1.212576400363145979e+01 -1.097711626779572036e+01 nan -1.099399250193707722e+01 nan -1.180354255957590937e+01
-8.999518684632425547e+00 -6.999999999999984013e+00 -8.998821232369248690e+00 nan nan -7.999999998532804746e+00
-9.964208906790407383e+00 -7.999999999999971578e+00 -9.968508817759826002e+00 nan nan -8.999993806667060170e+00
-1.086630363693445211e+01 -8.999999988466269585e+00 -1.086734141931201059e+01 nan nan -9.996342753842275997e+00
-1.168064410070943637e+01 -9.999916668142720511e+00 nan nan nan -1.098320968104570738e+01
nan nan -1.562030550305256682e+01 -1.399713381121489242e+01 nan -1.490297931602092163e+01
-1.492278801053112147e+01 nan -1.483621432542665097e+01 -1.299948096471078074e+01 nan -1.398296015588796770e+01
nan -1.497750408404735722e+01 -1.611854417974493359e+01 -1.490889974786293060e+01 nan -1.569481811018517092e+01
-1.543630930115451072e+01 -1.399574562967429259e+01 -1.543748204940779267e+01 -1.398355211614831717e+01 nan -1.491370674507551541e+01
nan -1.583422854898578436e+01 -1.656252409529877312e+01 -1.584017364936842576e+01 nan -1.636518712438488166e+01
-1.631241021898222954e+01 -1.492794856538018244e+01 -1.623935981968351783e+01 -1.495344452191068463e+01 nan -1.566943910548276442e+01
nan -1.662384520795988507e+01 -1.706375982090071730e+01 -1.635053207799762731e+01 nan -1.688473037753928807e+01
-1.678699565913446889e+01 -1.578846073424192831e+01 -1.664229632533788816e+01 -1.581482128161154499e+01 nan -1.624267261054624711e+01
nan -1.708169617991610423e+01 nan -1.705955675742743693e+01 nan -1.744460023723707920e+01
-1.715881675107204529e+01 -1.647806477619565158e+01 nan -1.653377496635648924e+01 nan -1.698016356915261582e+01
-1.396825127796815735e+01 nan -1.396767418807482031e+01 -1.199972339369028163e+01 nan -1.299871897796503895e+01
-1.466876294656227664e+01 -1.299913744769731494e+01 -1.475216346297164982e+01 -1.299744945318547806e+01 nan -1.395456416294594071e+01
-1.566674992963969970e+01 -1.399052267959118367e+01 -1.565461500403736039e+01 -1.399038649979070215e+01 nan -1.492864186885049804e+01
-1.618516255354754563e+01 -1.496489124256970449e+01 -1.626777546684313336e+01 -1.494325489151848707e+01 nan -1.573243506517455259e+01
-1.688204167123434019e+01 -1.577884356386931941e+01 nan -1.583111451080775289e+01 nan -1.650466597822807913e+01
-1.299225460506847085e+01 nan -1.299203046620374735e+01 -1.099983303742753549e+01 nan -1.199969659074529993e+01
-1.380753993688950843e+01 -1.199958571698464027e+01 -1.388814299852911738e+01 -1.199954439947374851e+01 nan -1.299306704550063074e+01
-1.480265675174063666e+01 -1.299846670871311893e+01 -1.474521122241611337e+01 -1.299881423178271866e+01 nan -1.396821339024837627e+01
-1.545847758567543551e+01 -1.399156712607103259e+01 -1.561613494809599700e+01 -1.399411403806346144e+01 nan -1.493875240210463318e+01
-1.620800297794961509e+01 -1.494197477737086466e+01 nan -1.495546443940738435e+01 nan -1.557272402874465023e+01
-1.298556354020783843e+01 -1.099984703309887557e+01 -1.299495131078607990e+01 nan nan -1.199954405841013028e+01
-1.394609529432161033e+01 -1.199977892133442836e+01 -1.396486385752541537e+01 nan nan -1.299818527683389391e+01
-1.481558445666352419e+01 -1.299945509548564360e+01 -1.485993396071564909e+01 nan nan -1.398708065248187005e+01
-1.544882355101982441e+01 -1.399614396237148561e+01 nan nan nan -1.485772391178715957e+01
nan nan -1.164024942113607075e+01 -9.999942177830915213e+00 nan -1.097439447390234513e+01
-1.095787577383842226e+01 nan -1.094907647686097540e+01 -8.999999995987638002e+00 nan -9.999322371842827906e+00
nan -1.099005948401178223e+01 -1.233532219499689830e+01 -1.099190205412129551e+01 nan -1.185654726699576678e+01
-1.181147317504336236e+01 -9.999933489427833777e+00 -1.170234749796126295e+01 -9.999645101104547962e+00 nan -1.097501346450034987e+01
nan -1.191509767351011106e+01 -1.293556536916775102e+01 -1.197030600709798698e+01 nan -1.249253282155836509e+01
-1.247512503469469713e+01 -1.099661249465076907e+01 -1.254314481491371858e+01 -1.099520235887830744e+01 nan -1.191289415036671961e+01
nan -1.269160765437047544e+01 -1.358177168975460525e+01 -1.277243455645836434e+01 nan -1.322183028395396498e+01
-1.319428118994662213e+01 -1.193998832632973972e+01 -1.293266125125181354e+01 -1.193848262102375735e+01 nan -1.258985095206525884e+01
nan -1.329924154969127237e+01 nan -1.338349323458060702e+01 nan -1.362322560596853371e+01
-1.327679169513390889e+01 -1.276361237408140958e+01 nan -1.267658893894127914e+01 nan -1.316740092059187184e+01
-9.988682162813763199e+00 nan -9.985160693300105805e+00 -7.999999999999979572e+00 nan -8.999983734555890180e+00
-1.086737960561089622e+01 -8.999998313518522863e+00 -1.081579168529505885e+01 -8.999985879497311103e+00 nan -9.980906595069066967e+00
-1.166760934459474797e+01 -9.999406485290879942e+00 -1.161192582696501496e+01 -9.999598716522589470e+00 nan -1.094570698389499164e+01
-1.209811644100260075e+01 -1.099182897591237840e+01 -1.232213468061573991e+01 -1.098915328959747839e+01 nan -1.183145733339756767e+01
-1.275815522642639799e+01 -1.189503713157181330e+01 nan -1.189387353357306054e+01 nan -1.244773916283987347e+01
-8.998348799243037988e+00 nan -8.999413380076491720e+00 -6.999999999999984013e+00 nan -7.999999980303962310e+00
-9.903037182526130522e+00 -7.999999997301422638e+00 -9.796284267219171227e+00 -7.999999996661925294e+00 nan -8.999393357505768520e+00
-1.082743414386317760e+01 -8.999993657661203628e+00 -1.087740127555109382e+01 -8.999995745183214879e+00 nan -9.961759809728155446e+00
-1.133094026459053261e+01 -9.999638615908947870e+00 -1.157852367381988756e+01 -9.999644835820291178e+00 nan -1.093012875195692679e+01
-1.200938412900687347e+01 -1.098686128242030335e+01 nan -1.098286264392948119e+01 nan -1.177959327388327893e+01
-8.999090528742343054e+00 -6.999999999999984013e+00 -8.998822869069694974e+00 nan nan -7.999999989633028719e+00
-9.989921570802803075e+00 -7.999999999999900524e+00 -9.995266615854456305e+00 nan nan -8.999991729545383734e+00
-1.095517226245567954e+01 -8.999999994063525577e+00 -1.090834956540419043e+01 nan nan -9.998449180256518076e+00
-1.172166050845076768e+01 -9.999858621419484450e+00 nan nan nan -1.098019401331644040e+01
nan nan -9.999994401671539634e+00 -1.175893337350667522e+01 nan -1.099420628582713988e+01
-1.099775009648584501e+01 nan -1.098893527362238487e+01 -1.225120039302370323e+01 nan -1.190451307126075875e+01
nan -1.097158616204739801e+01 -8.999999999945670126e+00 -1.090686002156751400e+01 nan -9.999889054596616589e+00
-9.999837506733305403e+00 -1.166302854022744562e+01 -9.999525709575740606e+00 -1.146193428542048665e+01 nan -1.094690689737639033e+01
nan -9.997056600005773674e+00 -7.999999999999980460e+00 -9.996712856273692438e+00 nan -8.999999595709816447e+00
-8.999999481068719831e+00 -1.078195014287457099e+01 -8.999998735294848728e+00 -1.083182724756623472e+01 nan -9.987729012477949198e+00
nan -8.999008377836315020e+00 -6.999999999999984013e+00 -8.999807478657670501e+00 nan -7.999999997897231374e+00
-7.999999999779814353e+00 -9.977156578662418340e+00 -7.999999999274155726e+00 -9.956333334221456610e+00 nan -8.999122261269954848e+00
-6.999999999999984013e+00 -8.999873744314282220e+00 nan -8.998973231434307607e+00 nan -7.999999997234080062e+00
-1.195217887050927530e+01 nan -1.191285215970412636e+01 -1.288880249308798653e+01 nan -1.274077112113081611e+01
-1.099291058715260228e+01 -1.238241616198162731e+01 -1.098971448765383485e+01 -1.254995378137470574e+01 nan -1.179808666432920461e+01
-9.999499543014655600e+00 -1.155558371930459494e+01 -9.999172110063604180e+00 -1.167683842623385182e+01 nan -1.090221639153235245e+01
-8.999998137721194169e+00 -1.084911417695080971e+01 -8.999997966211338962e+00 -1.072016368404561071e+01 nan -9.995462404483282270e+00
-7.999999999999980460e+00 -9.982412130253406346e+00 nan -9.997118117634810730e+00 nan -8.999998196247069870e+00
-1.284203472923620026e+01 nan -1.280189883388442063e+01 -1.374327843637893309e+01 nan -1.351908394627683840e+01
-1.195768893613478490e+01 -1.329150843288071826e+01 -1.195950501038853986e+01 -1.306220413853046480e+01 nan -1.278366524421272388e+01
-1.098990489816582006e+01 -1.252685016536432627e+01 -1.099498295911487311e+01 -1.246397086958810974e+01 nan -1.185557611034093028e+01
-9.999780585985059034e+00 -1.164864986111768808e+01 -9.999957560326995676e+00 -1.169181845991297664e+01 nan -1.096749865415594982e+01
-8.999999999393878625e+00 -1.096829233953103788e+01 nan -1.093615556575347902e+01 nan -9.999462463558350223e+00
-1.361892611446624102e+01 nan -1.339233642534263780e+01 nan nan -1.392007136512701493e+01
-1.279246782977080699e+01 -1.378574952303702794e+01 -1.276256391710216853e+01 nan nan -1.333485920580530326e+01
-1.192636446036169851e+01 -1.281469546204102805e+01 -1.194588389304982456e+01 nan nan -1.260410896168168726e+01
-1.099424807371716994e+01 -1.248048590364039612e+01 -1.098737490272188033e+01 nan nan -1.193102290252912923e+01
-9.999926531151688280e+00 -1.167889591645834635e+01 nan nan nan -1.097968830956141240e+01
nan nan -1.399643482572930608e+01 -1.567637997157972407e+01 nan -1.491242005168297347e+01
-1.496620207821362669e+01 nan -1.491768119063958054e+01 -1.618407820325955271e+01 nan -1.556682780418079481e+01
nan -1.490880126160134012e+01 -1.299927076161714368e+01 -1.483700083110086076e+01 nan -1.398524882823326898e+01
-1.399443961527660107e+01 -1.547455152345227702e+01 -1.398376203801808870e+01 -1.547498289748334521e+01 nan -1.478019146335125278e+01
nan -1.398292476328828826e+01 -1.199956923326175939e+01 -1.396353489684129379e+01 nan -1.299866393176044888e+01
-1.299846972682307467e+01 -1.470429931763313469e+01 -1.299751069892702482e+01 -1.459864987721811680e+01 nan -1.396641791526618270e+01
nan -1.299488948457564419e+01 -1.099966662555577201e+01 -1.298585148976686376e+01 nan -1.199937819847093579e+01
-1.199927340679779242e+01 -1.380292021567359484e+01 -1.199929922593487674e+01 -1.389631497264022464e+01 nan -1.298868643775952769e+01
-1.099967292128869367e+01 -1.298511910805180136e+01 nan -1.299662743042122059e+01 nan -1.199940054009668877e+01
-1.582233713086511528e+01 nan -1.579632403692693110e+01 -1.666397742610203281e+01 nan -1.643730186751009370e+01
-1.495320054042071334e+01 -1.622228843576082724e+01 -1.494795649417449468e+01 -1.623684169394171306e+01 nan -1.580104732848225524e+01
-1.399080390915681349e+01 -1.563497429135394512e+01 -1.398272133240419990e+01 -1.540721365918551378e+01 nan -1.484578439754579726e+01
-1.299671194530485963e+01 -1.479234841141376045e+01 -1.299885097982949667e+01 -1.473500512162394216e+01 nan -1.393487267412738184e+01
-1.199961303082432806e+01 -1.394271042670373006e+01 nan -1.398175394539700633e+01 nan -1.299852959547883202e+01
-1.651219727667118775e+01 nan -1.647232047458595972e+01 -1.691852046765564666e+01 nan -1.653111089707226711e+01
-1.585959674381812512e+01 -1.676334993525217598e+01 -1.575970054704529311e+01 -1.676109418666282025e+01 nan -1.642239774862835233e+01
-1.491609105662581669e+01 -1.618313682700256706e+01 -1.492556160880220339e+01 -1.603227167254928176e+01 nan -1.561995737771103521e+01
-1.398405917791336073e+01 -1.531193042935201376e+01 -1.399341066889772911e+01 -1.561180536401385410e+01 nan -1.490038438245576558e+01
-1.299919717293008148e+01 -1.487873498025129315e+01 nan -1.482139209888705444e+01 nan -1.399488294240458330e+01
-1.689869726360746682e+01 nan -1.689047717125142256e+01 nan nan -1.705512271997780616e+01
-1.660659999616353133e+01 -1.718154408275336920e+01 -1.637379269780493729e+01 nan nan -1.668329873132371688e+01
-1.574124080310545004e+01 -1.661800503266192663e+01 -1.569954591781452180e+01 nan nan -1.623405150153451970e+01
-1.490766540571705434e+01 -1.603270370280197810e+01 -1.489368820898488721e+01 nan nan -1.564176181932031717e+01
-1.399067595494471483e+01 -1.547209671834564659e+01 nan nan nan -1.484496609277596235e+01
nan nan -9.999725887374385280e+00 -1.172037103486102616e+01 nan -1.097158392530680260e+01
-1.099270351793122558e+01 nan -1.096720021774170917e+01 -1.241640631264053951e+01 nan -1.172385449950336600e+01
nan -1.090314008586329564e+01 -8.999999945375122934e+00 -1.085554373055534683e+01 nan -9.998045283065714273e+00
-9.998480579620668607e+00 -1.160304485188750867e+01 -9.999581095345387638e+00 -1.158572024446421800e+01 nan -1.091234964509272309e+01
nan -9.990173020143066296e+00 -7.999999999999900524e+00 -9.987760129433024048e+00 nan -8.999953234610666541e+00
-8.999997068386083043e+00 -1.085519812353090430e+01 -8.999982665163518192e+00 -1.085434590872836402e+01 nan -9.986925050952425664e+00
nan -8.999747213889198960e+00 -6.999999999999984013e+00 -8.999130612234683468e+00 nan -7.999999840624503200e+00
-7.999999943213119025e+00 -9.944680507843072448e+00 -7.999999989587515792e+00 -9.958814092454534972e+00 nan -8.998777234299407013e+00
-6.999999999999984013e+00 -8.999183579247603149e+00 nan -8.998343888131357104e+00 nan -7.999999993991175451e+00
-1.190415390291294706e+01 nan -1.189120209478637058e+01 -1.307102627722660237e+01 nan -1.258899799574903078e+01
-1.099062968942681984e+01 -1.233616934798639342e+01 -1.098853515848614215e+01 -1.248985647325982917e+01 nan -1.182921754049161400e+01
-9.999258060220640232e+00 -1.162952121497749225e+01 -9.999021123712211079e+00 -1.169371873367321335e+01 nan -1.094650226883915067e+01
-8.999980641636827983e+00 -1.078474506278075040e+01 -8.999991810344663890e+00 -1.078690813520100633e+01 nan -9.975601020542281816e+00
-7.999999999999980460e+00 -9.969053732358341691e+00 nan -9.984452465375744268e+00 nan -8.999988541644890816e+00
-1.265497754966765598e+01 nan -1.285183150737071678e+01 -1.360874634580700615e+01 nan -1.325839679947742589e+01
-1.195820284404092249e+01 -1.303914839760203748e+01 -1.196460639625191291e+01 -1.335034325196343730e+01 nan -1.268494886572656988e+01
-1.099383320284601950e+01 -1.260141003783376767e+01 -1.099154231692700456e+01 -1.260193857686729935e+01 nan -1.186090779501546422e+01
-9.998537691814201267e+00 -1.174341173949517980e+01 -9.999875679107113058e+00 -1.160055699447715405e+01 nan -1.097805374820070234e+01
-8.999999997648059136e+00 -1.091915251713016488e+01 nan -1.096886673064073925e+01 nan -9.999644748210535283e+00
-1.330888234620085520e+01 nan -1.333002433706879231e+01 nan nan -1.350654830881423507e+01
-1.280038509118232604e+01 -1.329923288497107947e+01 -1.280050963604018577e+01 nan nan -1.336085736219022024e+01
-1.193066165337886630e+01 -1.305408724024409217e+01 -1.195034192535161033e+01 nan nan -1.261908968020265220e+01
-1.098837817614285228e+01 -1.247409276255064547e+01 -1.099188621488131901e+01 nan nan -1.179807547272697121e+01
-9.999966228601895324e+00 -1.163977041686778691e+01 nan nan nan -1.095755105479338987e+01
nan nan -1.697628992006373139e+01 -1.698606038416813391e+01 nan -1.732843174542441744e+01
-1.692540608160856053e+01 nan -1.639113601525519215e+01 -1.653771524539505222e+01 nan -1.662928608241287165e+01
nan -1.711920028779113778e+01 -1.649277330163157274e+01 -1.633623955634305602e+01 nan -1.700200239002457536e+01
-1.628342001034730657e+01 -1.672571341034664982e+01 -1.579262141846447598e+01 -1.583502113013538093e+01 nan -1.629550544435039328e+01
nan -1.661212763905594514e+01 -1.572704653465232560e+01 -1.580078501646962152e+01 nan -1.630210113749641820e+01
-1.613833682290877647e+01 -1.620712583436255017e+01 -1.495391053311882423e+01 -1.493822691987195483e+01 nan -1.562650470643202816e+01
nan -1.608595096306129690e+01 -1.485920241341336201e+01 -1.493266271900489173e+01 nan -1.559435397708176119e+01
-1.548228702314997207e+01 -1.547342651449157636e+01 -1.399630462751897042e+01 -1.398814735060325098e+01 nan -1.491968304349011554e+01
nan -1.532016977595069385e+01 nan -1.398817652930216759e+01 nan -1.485393448956891937e+01
-1.481106611425816055e+01 -1.487872732235994278e+01 nan -1.299970576484091289e+01 nan -1.398083305375208774e+01
-1.640353102564267118e+01 nan -1.585155621911415480e+01 -1.580675890635373726e+01 nan -1.629397915796230834e+01
-1.620454175384038464e+01 -1.631646480832874602e+01 -1.496151747663152598e+01 -1.497309431454858775e+01 nan -1.574959030023894080e+01
-1.559745346169591684e+01 -1.553733935126667198e+01 -1.399392887295226018e+01 -1.399202632525689438e+01 nan -1.490701742031657417e+01
-1.467950220711711218e+01 -1.478527949225325777e+01 -1.299930543231739044e+01 -1.299911235402424303e+01 nan -1.394129683974805900e+01
-1.397273255008946791e+01 -1.392975770868560836e+01 nan -1.199988081298010734e+01 nan -1.299838649970263482e+01
-1.612592755575762737e+01 nan -1.493642655169300149e+01 -1.495000983120370286e+01 nan -1.565290789190224885e+01
-1.554578881050427874e+01 -1.541136496841244075e+01 -1.399424086150489188e+01 -1.399740134855119678e+01 nan -1.490009878193739645e+01
-1.473131260284780986e+01 -1.477315511596924580e+01 -1.299941733209183781e+01 -1.299910356434305392e+01 nan -1.397651002877775817e+01
-1.387000901187878910e+01 -1.388308071894921270e+01 -1.199986772387720535e+01 -1.199987566944949791e+01 nan -1.299731902925287308e+01
-1.298909174066448458e+01 -1.299577692179393473e+01 nan -1.099993007210433227e+01 nan -1.199985671587310243e+01
-1.555806561760205042e+01 nan -1.399801311303000517e+01 nan nan -1.490513938351245571e+01
-1.492075808205902199e+01 -1.487698761898793620e+01 -1.299982436253082696e+01 nan nan -1.399645844680098072e+01
-1.395712177917089747e+01 -1.397692196748059956e+01 -1.199990304778002503e+01 nan nan -1.299939465667030092e+01
-1.299668426213299277e+01 -1.299246819366337924e+01 -1.099993150176911705e+01 nan nan -1.199988542302222072e+01
nan nan -1.343580048731909038e+01 -1.353464562232079160e+01 nan -1.383631357094289172e+01
-1.398204997296046770e+01 nan -1.280732761795785279e+01 -1.275276543738771196e+01 nan -1.359745893362461899e+01
nan -1.362427666366784251e+01 -1.277875277197150616e+01 -1.271572848951895907e+01 nan -1.331490154961978334e+01
-1.290028264351698972e+01 -1.339543082355633352e+01 -1.190534812460534830e+01 -1.194507087037485249e+01 nan -1.250982972624186651e+01
nan -1.292499883975663977e+01 -1.193032897129177705e+01 -1.192889282333976908e+01 nan -1.256911327537923384e+01
-1.236105641424867407e+01 -1.236917581216929385e+01 -1.099374861010308990e+01 -1.098517645610755444e+01 nan -1.186765446731251217e+01
nan -1.220173375544699823e+01 -1.099634027306446349e+01 -1.098124275829940721e+01 nan -1.184205531820921742e+01
-1.177559869524305647e+01 -1.156748196071924717e+01 -9.999704269325281558e+00 -9.999620347012365684e+00 nan -1.098244732886863595e+01
nan -1.163097332849646293e+01 nan -9.999977108105330359e+00 nan -1.096715526448225475e+01
-1.095833429041663365e+01 -1.089551520390841688e+01 nan -8.999999996963866877e+00 nan -9.999971501646122363e+00
-1.312197935269155558e+01 nan -1.191915132620237117e+01 -1.188377374546834275e+01 nan -1.245438816456055342e+01
-1.244490462933467256e+01 -1.248900906709988590e+01 -1.097900435282809539e+01 -1.099633889829972233e+01 nan -1.179724971303413561e+01
-1.172192071777110556e+01 -1.153313223889008832e+01 -9.999152964473839944e+00 -9.999205330024722116e+00 nan -1.089414139914704371e+01
-1.091916959264289311e+01 -1.086978295723149301e+01 -8.999995280508958473e+00 -8.999988223481093286e+00 nan -9.994773731850019161e+00
-9.989314686460179615e+00 -9.992562904352322306e+00 nan -7.999999999999977796e+00 nan -8.999992862998354326e+00
-1.224226178992400271e+01 nan -1.098728788447699856e+01 -1.097729987429102216e+01 nan -1.169641859900591996e+01
-1.159947035130461934e+01 -1.161595918558158402e+01 -9.999658373430712288e+00 -9.999892476730348534e+00 nan -1.096534223133110153e+01
-1.084332988786428764e+01 -1.084482477356929309e+01 -8.999979832257116286e+00 -8.999993601629798334e+00 nan -9.990239040088281897e+00
-9.944143394806383540e+00 -9.888087699627728711e+00 -7.999999993092353989e+00 -7.999999982317613778e+00 nan -8.998778125600175315e+00
-8.999702164770065238e+00 -8.999332549176344287e+00 nan -6.999999999999984013e+00 nan -7.999999997295506482e+00
-1.169253915955218837e+01 nan -9.999494190685251027e+00 nan nan -1.096342253059385463e+01
-1.088814685481307087e+01 -1.093151548460406453e+01 -8.999999978491075581e+00 nan nan -9.998820156878233334e+00
-9.974622322283524412e+00 -9.984392796635656708e+00 -7.999999999999959144e+00 nan nan -8.999995994228369156e+00
-8.999064273506897749e+00 -8.999381318005751140e+00 -6.999999999999984013e+00 nan nan -7.999999993673745813e+00
nan nan -1.310700924721964711e+01 -1.326053701529909290e+01 nan -1.366844072200237648e+01
-1.346014766071502855e+01 nan -1.261948761832370280e+01 -1.248627595974580373e+01 nan -1.310874533159807775e+01
nan -1.344464709435779959e+01 -1.247607696175252023e+01 -1.257497572536052033e+01 nan -1.307187693776099024e+01
-1.281301628896077993e+01 -1.280069313513071805e+01 -1.182014426209003588e+01 -1.181010333967796910e+01 nan -1.256725842941850502e+01
nan -1.259695320533991136e+01 -1.178531597119200747e+01 -1.174190503116495954e+01 nan -1.220143945801678242e+01
-1.216947935896101463e+01 -1.218973421224477249e+01 -1.094834394116147891e+01 -1.093405417533621105e+01 nan -1.173650995571314937e+01
nan -1.208671925726836882e+01 -1.097440946230561742e+01 -1.094869766016019064e+01 nan -1.160116435147769209e+01
-1.155163971341101714e+01 -1.152838900204049288e+01 -9.999547741923647592e+00 -9.987461054147109607e+00 nan -1.092252856806431360e+01
nan -1.155860448621672099e+01 nan -9.999448809130425886e+00 nan -1.094501005910919922e+01
-1.087461473034427151e+01 -1.088594019896327758e+01 nan -8.999999698598301734e+00 nan -9.998185337300819597e+00
-1.269035651555450350e+01 nan -1.171151838004372259e+01 -1.164892509005641585e+01 nan -1.233038167071992319e+01
-1.218948196330654632e+01 -1.209389845360004401e+01 -1.090707849775438376e+01 -1.090536957165004139e+01 nan -1.157326068338548097e+01
-1.148634734038264149e+01 -1.122121625972371106e+01 -9.977107070784345666e+00 -9.976704160787390308e+00 nan -1.067964292882911259e+01
-1.048470206363098534e+01 -1.062050924401255791e+01 -8.999329851442981365e+00 -8.997551797508828386e+00 nan -9.864377998784153334e+00
-9.946618755704344395e+00 -9.902284211162990957e+00 nan -7.999999998385320055e+00 nan -8.999872227741315456e+00
-1.165618104210877704e+01 nan -1.078438455917233796e+01 -1.085798485871696961e+01 nan -1.149367995050440783e+01
-1.133936174801470109e+01 -1.130651054652076759e+01 -9.934886763560935918e+00 -9.992989999219965114e+00 nan -1.079460403284596737e+01
-1.033020865775607788e+01 -1.053520455441599957e+01 -8.991858691769445855e+00 -8.997675365858576413e+00 nan -9.923236460030675943e+00
-9.653948024928975968e+00 -9.563008161109516791e+00 -7.999776558976330776e+00 -7.999939183582827518e+00 nan -8.966184016475752472e+00
-8.967997372615768015e+00 -8.959440680240081889e+00 nan -6.999999999999484857e+00 nan -7.999763383376574666e+00
-1.115354279725272058e+01 nan -9.979940603125198706e+00 nan nan -1.075219289001404377e+01
-1.067108306133961548e+01 -1.067679330957352946e+01 -8.999836976519150156e+00 nan nan -9.979382088869238387e+00
-9.862625729168740918e+00 -9.900735908201609092e+00 -7.999998961005614362e+00 nan nan -8.999219183628266450e+00
-8.956191390165546551e+00 -8.970720705196338685e+00 -6.999999999870166967e+00 nan nan -7.998975688185431032e+00
nan nan -2.999999999999996447e+00 -2.999999999999996447e+00 -9.999999999999995559e-01 -1.999999999999998668e+00
-1.999999999999998668e+00 nan -3.999999999933360861e+00 -3.999999999966862063e+00 nan -2.999999999999996447e+00
nan -1.999999999999998668e+00 -3.999999999997181810e+00 -3.999999999967947861e+00 nan -2.999999999999996447e+00
-2.999999999999996447e+00 -2.999999999999996447e+00 -4.998652702206659804e+00 -4.999618902148774247e+00 nan -3.999999996323419182e+00
nan -2.999999999999996447e+00 -4.999999993587579183e+00 -4.999999998992199934e+00 nan -3.999999999999994671e+00
-3.999999999999994671e+00 -3.999999999999987121e+00 -5.994784625730346761e+00 -5.994683845368440345e+00 nan -4.999995510739958071e+00
nan -3.999999999999994671e+00 -5.999999972045325869e+00 -5.999999242914651809e+00 nan -4.999999999999991118e+00
-4.999999999967793762e+00 -4.999999999912894566e+00 -6.980563396792069497e+00 -6.989937422759138208e+00 nan -5.999843931851125411e+00
-5.999999963666327929e+00 -5.999999605435937688e+00 nan -7.943543746155113716e+00 nan -6.996099591691177011e+00
-2.999999999999996447e+00 nan -4.999999992219856360e+00 -4.999999997598069790e+00 nan -3.999999999999994671e+00
-3.999999999999984013e+00 -3.999999999999993339e+00 -5.998441903950597620e+00 -5.994173280919471658e+00 nan -4.999997333760635598e+00
-4.999999999956399321e+00 -4.999999999930165195e+00 -6.939273237606525591e+00 -6.954394635680686498e+00 nan -5.999096435328506338e+00
-5.999999985598091001e+00 -5.999999973948843213e+00 -7.935341049667494318e+00 -7.961814235379209848e+00 nan -6.998419761812832540e+00
-6.999993360012590315e+00 -6.999998653290710138e+00 nan -8.891124890451186147e+00 nan -7.994548496346151722e+00
-3.999999999999994671e+00 nan -5.999999960245761876e+00 -5.999999972699439077e+00 nan -4.999999999999991118e+00
-4.999999999964268582e+00 -4.999999999994549249e+00 -6.985925006863261011e+00 -6.972142525094940702e+00 nan -5.999869408256712333e+00
-5.999999996024390825e+00 -5.999999992660653980e+00 -7.960366887470581965e+00 -7.938602998001413447e+00 nan -6.999788890492150806e+00
-6.999999859800104751e+00 -6.999999958906965247e+00 -8.950503418199218686e+00 -8.920298384171685413e+00 nan -7.999694231548398093e+00
-7.999984497141971573e+00 -7.999999226321691026e+00 nan -9.944629642393271851e+00 nan -8.998771206430658864e+00
-5.999999152158667748e+00 -5.999999990033483499e+00 -7.800304060515659721e+00 nan nan -6.987573227372276818e+00
-6.999998691106359416e+00 -6.999982154879679008e+00 -8.907931865611177003e+00 nan nan -7.993058202109249777e+00
-7.999999391925556758e+00 -7.999959841151135898e+00 -9.955768042094044645e+00 nan nan -8.998937838729391459e+00
-5.999999887132863030e+00 nan -5.999999918361596407e+00 -3.999999999999994671e+00 nan -4.999999999999991118e+00
nan -5.999998673228846613e+00 -7.807008599344991140e+00 -5.999998581831501809e+00 nan -6.993410222254868636e+00
-6.962686555714389769e+00 -4.999999999996378897e+00 -6.969733105344806390e+00 -4.999999999791995720e+00 nan -5.999377984925849283e+00
nan -6.999930163945027317e+00 -8.808358938713793052e+00 -6.999993954053912226e+00 nan -7.990149371063330008e+00
-7.963796164759761709e+00 -5.999999971473647165e+00 -7.974983165610719738e+00 -5.999999976261886303e+00 nan -6.997713179499871039e+00
nan -7.999834342831625200e+00 -9.914159505924297733e+00 -7.999999435682802584e+00 nan -8.998612814390755332e+00
-8.966463417243996759e+00 -6.999999847959505139e+00 -8.955971442637176594e+00 -6.999999910034832240e+00 nan -7.999742615319972217e+00
-9.986413827232656359e+00 -7.999998956763394453e+00 nan -7.999967735693630289e+00 nan -8.999286317539782587e+00
-4.999999992233106205e+00 nan -4.999999998445870730e+00 -2.999999999999996447e+00 nan -3.999999999999994671e+00
-5.992963037284980032e+00 -3.999999999999994671e+00 -5.980663133743071569e+00 -3.999999999999823697e+00 nan -4.999990573580737063e+00
-6.984367989254072207e+00 -4.999999999881014290e+00 -6.977438055521386850e+00 -4.999999998672959300e+00 nan -5.999801247478623978e+00
-7.921526110654063757e+00 -5.999999978274181522e+00 -7.929356299863497881e+00 -5.999999984611442905e+00 nan -6.999199523297876091e+00
-8.894823304480640402e+00 -6.999984921819285333e+00 nan -6.999990093776039757e+00 nan -7.995369630112812764e+00
-3.999999999797685390e+00 nan -3.999999999969328535e+00 -1.999999999999998668e+00 nan -2.999999999999996447e+00
-4.997934080124345257e+00 -2.999999999999996447e+00 -4.999205515197853167e+00 -2.999999999999996447e+00 nan -3.999999862107244120e+00
-5.993626804316318335e+00 -3.999999999999896527e+00 -5.993765019311492637e+00 -3.999999999999994227e+00 nan -4.999985624764303971e+00
-6.982703955931754081e+00 -4.999999999985788257e+00 -6.978560432195017427e+00 -4.999999999970878406e+00 nan -5.999968229546839282e+00
-7.860543105853474266e+00 -5.999999519808937976e+00 nan -5.999999978074755269e+00 nan -6.995083437912319013e+00
-2.999999999999996447e+00 nan -2.999999999999996447e+00 nan -9.999999999999995559e-01 -1.999999999999998668e+00
-3.999999999352131574e+00 -1.999999999999998668e+00 -3.999999999975877962e+00 nan nan -2.999999999999996447e+00
-4.999999990164398334e+00 -2.999999999999996447e+00 -4.999999995220450799e+00 nan nan -3.999999999999994671e+00
-5.999999882704905474e+00 -3.999999999999994671e+00 -5.999999452619050544e+00 nan nan -4.999999999999991118e+00
-5.999999959640264002e+00 nan -5.999999652260146199e+00 -7.887803912622802116e+00 nan -6.996002103449813880e+00
nan -5.999999920808245513e+00 -3.999999999999994671e+00 -5.999999590427514740e+00 nan -4.999999999999991118e+00
-4.999999999950862417e+00 -6.967946536244755684e+00 -4.999999999977488230e+00 -6.933602495830075263e+00 nan -5.999891011967195098e+00
nan -4.999999961200181531e+00 -2.999999999999996447e+00 -4.999999998326365436e+00 nan -3.999999999999994671e+00
-3.999999999999994671e+00 -5.972267798402728367e+00 -3.999999999999965805e+00 -5.991493032406799202e+00 nan -4.999995268844053875e+00
nan -3.999999999601065337e+00 -1.999999999999998668e+00 -3.999999999993811617e+00 nan -2.999999999999996447e+00
-2.999999999999996447e+00 -4.999164360991796840e+00 -2.999999999999996447e+00 -4.998017477816822485e+00 nan -3.999999982501476925e+00
nan -2.999999999999996447e+00 nan -2.999999999999735323e+00 -9.999999999999995559e-01 -1.999999999999998668e+00
-1.999999999999998668e+00 -3.999999998166696713e+00 nan -3.999999982256941422e+00 nan -2.999999999999996447e+00
-6.999995056125826842e+00 nan -6.999998460739109696e+00 -8.871770244409894701e+00 nan -7.994847266421743370e+00
-5.999999987053692863e+00 -7.951003099364891469e+00 -5.999999922765004712e+00 -7.963085364179377734e+00 nan -6.999031374834183694e+00
-4.999999997120403883e+00 -6.872434967637112813e+00 -4.999999999270838380e+00 -6.987651810549172282e+00 nan -5.999641632070123798e+00
-3.999999999999614531e+00 -5.976254428591363244e+00 -3.999999999999313438e+00 -5.989462729054391588e+00 nan -4.999987061704588065e+00
-2.999999999999996447e+00 -4.999998979538295529e+00 nan -4.999998057865966850e+00 nan -3.999999999999994671e+00
-7.999990413587311444e+00 nan -7.999999362148125570e+00 -9.919250874794292017e+00 nan -8.999079572486749612e+00
-6.999999791751599254e+00 -8.940759314336753860e+00 -6.999999798318009780e+00 -8.963395891927072867e+00 nan -7.999217944575136130e+00
-5.999999935996603639e+00 -7.970160420495189690e+00 -5.999999989059601191e+00 -7.938724451625773781e+00 nan -6.999691772209113871e+00
-4.999999999210867685e+00 -6.974338583145949677e+00 -4.999999999917913662e+00 -6.926436637925577955e+00 nan -5.999517997630177568e+00
-3.999999999999994671e+00 -5.999941752987671073e+00 nan -5.999962036021838863e+00 nan -4.999999999999729106e+00
-7.999999331847032380e+00 -9.962100955014093984e+00 -7.999931922357164993e+00 nan nan -8.999224212322761929e+00
-6.999994395459431473e+00 -8.883307130504284999e+00 -6.999972585690311888e+00 nan nan -7.989687853482072555e+00
-5.999995115194718842e+00 -7.933434217070372441e+00 -5.999998082722953541e+00 nan nan -6.991690800943861639e+00
-9.946153594591859104e+00 nan -7.999995105212249769e+00 -7.999973087812052519e+00 nan -8.997922346427698059e+00
nan -9.974880245171410920e+00 -7.999973418518535162e+00 -7.999997263273838755e+00 nan -8.999514762501732434e+00
-8.974534598482890146e+00 -8.973150266227429839e+00 -6.999999284191146032e+00 -6.999999153100763927e+00 nan -7.997750148805032211e+00
nan -8.757620986721256884e+00 -6.999986532352269641e+00 -6.999997628313163744e+00 nan -7.997648479180625714e+00
-7.924006255864268766e+00 -7.878299497000597285e+00 -5.999999976335292473e+00 -5.999999957045119459e+00 nan -6.998411468643413791e+00
nan -7.922292427691318473e+00 -5.999999909610593818e+00 -5.999999224824452249e+00 nan -6.997333169595738589e+00
-6.980024729835262676e+00 -6.957922155883569104e+00 -4.999999999836384212e+00 -4.999999999796797212e+00 nan -5.999860030301207736e+00
-5.999997262136790965e+00 -5.999997767673869831e+00 nan -3.999999999999994671e+00 nan -4.999999999999991118e+00
-8.835047448270536563e+00 nan -6.999991587575413732e+00 -6.999987567407338851e+00 nan -7.993955796613978038e+00
-7.926445797518502978e+00 -7.904452979034272353e+00 -5.999999956545406299e+00 -5.999999872015103541e+00 nan -6.999051555528074786e+00
-6.967782275449160068e+00 -6.968895107101205966e+00 -4.999999998699534487e+00 -4.999999997903727511e+00 nan -5.999758364113246145e+00
-5.980928476915686964e+00 -5.965017098349401969e+00 -3.999999999999849010e+00 -3.999999999999990230e+00 nan -4.999942443492554567e+00
-4.999999998713880345e+00 -4.999999954469377172e+00 nan -2.999999999999996447e+00 nan -3.999999999999994671e+00
-7.925556984928007864e+00 nan -5.999998662621912615e+00 -5.999999940274729937e+00 nan -6.998153389920294565e+00
-6.975367904132678376e+00 -6.989292275154785905e+00 -4.999999999950759388e+00 -4.999999999945450746e+00 nan -5.999720853888216077e+00
-5.992234321243301132e+00 -5.982709348787777159e+00 -3.999999999999940492e+00 -3.999999999999938272e+00 nan -4.999994769963284291e+00
-4.998890787814959324e+00 -4.997926537633570199e+00 -2.999999999999996447e+00 -2.999999999999996447e+00 nan -3.999999988808910611e+00
-3.999999999926969085e+00 -3.999999999995478284e+00 nan -1.999999999999998668e+00 nan -2.999999999999996447e+00
-5.999999980803384148e+00 -5.999999982504927054e+00 -3.999999999999994671e+00 nan nan -4.999999999999991118e+00
-4.999999907993501580e+00 -4.999999979268476835e+00 -2.999999999999996447e+00 nan nan -3.999999999999994671e+00
-3.999999999900789138e+00 -3.999999999996448174e+00 -1.999999999999998668e+00 nan nan -2.999999999999996447e+00
-2.999999999999996447e+00 -2.999999999999996447e+00 nan nan -9.999999999999995559e-01 -1.999999999999998668e+00
nan nan nan nan nan nan
nan nan nan nan nan nan
nan nan nan nan nan nan
nan nan nan nan nan nan
nan nan nan nan nan nan
nan nan nan nan nan nan
nan nan nan nan nan nan
nan nan nan nan nan nan
