nan nan -7.999999999999990230e+00 -7.999999999999990230e+00 -5.999999999999993783e+00 -6.999999999999992006e+00
nan nan -6.999999999999992006e+00 -4.999999999999995559e+00 nan -5.999999999999993783e+00
nan nan -7.999999999999990230e+00 -7.999999999999990230e+00 -5.999999999999993783e+00 -6.999999999999992006e+00
nan nan -4.999999999999995559e+00 -6.999999999999992006e+00 nan -5.999999999999993783e+00
nan nan -1.199999999999997513e+01 -1.199999999999997513e+01 -9.999999999999982236e+00 -1.099999999999997868e+01
nan nan -8.999999999999985789e+00 -8.999999999999985789e+00 nan -9.999999999999982236e+00
-7.999999999999990230e+00 nan -7.999999999999990230e+00 nan -5.999999999999993783e+00 -6.999999999999992006e+00
-4.999999999999995559e+00 nan -6.999999999999992006e+00 nan nan -5.999999999999993783e+00
-1.199999999999997513e+01 nan -1.199999999999997513e+01 nan -9.999999999999982236e+00 -1.099999999999997868e+01
-8.999999999999985789e+00 nan -8.999999999999985789e+00 nan nan -9.999999999999982236e+00
-7.999999999999990230e+00 nan -7.999999999999990230e+00 nan -5.999999999999993783e+00 -6.999999999999992006e+00
-6.999999999999992006e+00 nan -4.999999999999995559e+00 nan nan -5.999999999999993783e+00
nan -7.999999999999990230e+00 nan -7.999999999999990230e+00 -5.999999999999993783e+00 -6.999999999999992006e+00
nan -4.999999999999995559e+00 nan -6.999999999999992006e+00 nan -5.999999999999993783e+00
nan -1.199999999999997513e+01 nan -1.199999999999997513e+01 -9.999999999999982236e+00 -1.099999999999997868e+01
nan -8.999999999999985789e+00 nan -8.999999999999985789e+00 nan -9.999999999999982236e+00
nan -7.999999999999990230e+00 nan -7.999999999999990230e+00 -5.999999999999993783e+00 -6.999999999999992006e+00
nan -6.999999999999992006e+00 nan -4.999999999999995559e+00 nan -5.999999999999993783e+00
-1.199999999999997513e+01 -1.199999999999997513e+01 nan nan -9.999999999999982236e+00 -1.099999999999997868e+01
-8.999999999999985789e+00 -8.999999999999985789e+00 nan nan nan -9.999999999999982236e+00
-7.999999999999990230e+00 -7.999999999999990230e+00 nan nan -5.999999999999993783e+00 -6.999999999999992006e+00
-6.999999999999992006e+00 -4.999999999999995559e+00 nan nan nan -5.999999999999993783e+00
-7.999999999999990230e+00 -7.999999999999990230e+00 nan nan -5.999999999999993783e+00 -6.999999999999992006e+00
-4.999999999999995559e+00 -6.999999999999992006e+00 nan nan nan -5.999999999999993783e+00
-6.999999999999992006e+00 nan -8.999999999999985789e+00 -8.999999999999985789e+00 nan -7.999999999999990230e+00
nan -6.999999999999992006e+00 -8.999999999999985789e+00 -8.999999999999985789e+00 nan -7.999999999999990230e+00
-7.999999999999990230e+00 -7.999999999999990230e+00 -9.999999999999982236e+00 -9.999999999999982236e+00 nan -8.999999999999985789e+00
nan -7.999999999999990230e+00 -9.999999999999982236e+00 -9.999999999999982236e+00 nan -8.999999999999985789e+00
-8.999999999999985789e+00 -8.999999999999985789e+00 -1.099999999999997868e+01 -1.099999999999997868e+01 nan -9.999999999999982236e+00
nan -8.999999999999985789e+00 -1.099999999999997868e+01 -1.099999999999997868e+01 nan -9.999999999999982236e+00
-9.999999999999982236e+00 -9.999999999999982236e+00 -1.199999999999677947e+01 -1.199999999984273025e+01 nan -1.099999999999997868e+01
nan -9.999999999999982236e+00 nan -1.199999999999996270e+01 nan -1.099999999999997868e+01
-1.099999999999997868e+01 -1.099999999999997868e+01 nan -1.299998785477928998e+01 nan -1.199999999999997513e+01
-7.999999999999990230e+00 nan -9.999999999999982236e+00 -9.999999999999982236e+00 nan -8.999999999999985789e+00
-8.999999999999985789e+00 -8.999999999999985789e+00 -1.099999999999997868e+01 -1.099999999999997868e+01 nan -9.999999999999982236e+00
-9.999999999999982236e+00 -9.999999999999982236e+00 -1.199999999991557509e+01 -1.199999999999977618e+01 nan -1.099999999999997868e+01
-1.099999999999997868e+01 -1.099999999999997868e+01 -1.299999999924381910e+01 -1.299999999317189392e+01 nan -1.199999999999997513e+01
-1.199999999999997513e+01 -1.199999999999997513e+01 nan -1.399999384496269705e+01 nan -1.299999999999996625e+01
-8.999999999999985789e+00 nan -1.099999999999997868e+01 -1.099999999999997868e+01 nan -9.999999999999982236e+00
-9.999999999999982236e+00 -9.999999999999982236e+00 -1.199999999999630163e+01 -1.199999999999941025e+01 nan -1.099999999999997868e+01
-1.099999999999997868e+01 -1.099999999999997868e+01 -1.299999998164169135e+01 -1.299999999520353100e+01 nan -1.199999999999997513e+01
-1.199999999999997513e+01 -1.199999999999997513e+01 -1.399999988936230366e+01 -1.399999968730728739e+01 nan -1.299999999999997158e+01
-1.299999999999997158e+01 -1.299999999999997158e+01 nan -1.499962950437702425e+01 nan -1.399999999997943334e+01
-9.999999999999982236e+00 nan -1.199999999999987921e+01 nan nan -1.099999999999997868e+01
-1.099999999999997868e+01 -1.099999999999997868e+01 -1.299999969523321042e+01 nan nan -1.199999999999997513e+01
-1.199999999999997513e+01 -1.199999999999997513e+01 -1.399999115871743349e+01 nan nan -1.299999999999995559e+01
-1.299999999999997158e+01 -1.299999999999997158e+01 -1.499995989000107066e+01 nan nan -1.399999999999642419e+01
-1.399999999999996803e+01 -1.399999999999996803e+01 nan nan nan -1.499999830382171950e+01
-6.999999999999992006e+00 nan -8.999999999999985789e+00 -8.999999999999985789e+00 nan -7.999999999999990230e+00
nan -6.999999999999992006e+00 -8.999999999999985789e+00 -8.999999999999985789e+00 nan -7.999999999999990230e+00
-7.999999999999990230e+00 -7.999999999999990230e+00 -9.999999999999982236e+00 -9.999999999999982236e+00 nan -8.999999999999985789e+00
nan -7.999999999999990230e+00 -9.999999999999982236e+00 -9.999999999999982236e+00 nan -8.999999999999985789e+00
-8.999999999999985789e+00 -8.999999999999985789e+00 -1.099999999999997868e+01 -1.099999999999997868e+01 nan -9.999999999999982236e+00
nan -8.999999999999985789e+00 -1.099999999999997868e+01 -1.099999999999997868e+01 nan -9.999999999999982236e+00
-9.999999999999982236e+00 -9.999999999999982236e+00 -1.199999999999832490e+01 -1.199999999700491493e+01 nan -1.099999999999997868e+01
nan -9.999999999999982236e+00 nan -1.199999999999975486e+01 nan -1.099999999999997868e+01
-1.099999999999997868e+01 -1.099999999999997868e+01 nan -1.299999968784167237e+01 nan -1.199999999999997513e+01
-7.999999999999990230e+00 nan -9.999999999999982236e+00 -9.999999999999982236e+00 nan -8.999999999999985789e+00
-8.999999999999985789e+00 -8.999999999999985789e+00 -1.099999999999997868e+01 -1.099999999999996447e+01 nan -9.999999999999982236e+00
-9.999999999999982236e+00 -9.999999999999982236e+00 -1.199999999998337863e+01 -1.199999999999688427e+01 nan -1.099999999999997868e+01
-1.099999999999997868e+01 -1.099999999999997868e+01 -1.299999999767114822e+01 -1.299999998643195909e+01 nan -1.199999999999997513e+01
-1.199999999999997513e+01 -1.199999999999997513e+01 nan -1.399999325303116748e+01 nan -1.299999999999979572e+01
-8.999999999999985789e+00 nan -1.099999999999997868e+01 -1.099999999999997868e+01 nan -9.999999999999982236e+00
-9.999999999999982236e+00 -9.999999999999982236e+00 -1.199999999998004974e+01 -1.199999999999298694e+01 nan -1.099999999999997868e+01
-1.099999999999997868e+01 -1.099999999999997868e+01 -1.299999999927969085e+01 -1.299999999978566656e+01 nan -1.199999999999997513e+01
-1.199999999999997513e+01 -1.199999999999997513e+01 -1.399998533959409563e+01 -1.399999999412495910e+01 nan -1.299999999999997158e+01
-1.299999999999997158e+01 -1.299999999999997158e+01 nan -1.499995216133172882e+01 nan -1.399999999996880007e+01
-9.999999999999982236e+00 nan -1.199999999999923794e+01 nan nan -1.099999999999997868e+01
-1.099999999999997868e+01 -1.099999999999997868e+01 -1.299999765796794904e+01 nan nan -1.199999999999997513e+01
-1.199999999999997513e+01 -1.199999999999997513e+01 -1.399999791323125820e+01 nan nan -1.299999999999997158e+01
-1.299999999999997158e+01 -1.299999999999997158e+01 -1.499998357257345738e+01 nan nan -1.399999999997070965e+01
-1.399999999999996803e+01 -1.399999999999996803e+01 nan nan nan -1.499999994575649431e+01
-1.099999999999997868e+01 nan -1.299999999999997158e+01 -1.299999999999997158e+01 nan -1.199999999999997513e+01
nan -1.099999999999997868e+01 -1.299999999999997158e+01 -1.299999999999997158e+01 nan -1.199999999999997513e+01
-1.199999999999997513e+01 -1.199999999999997513e+01 -1.399999999999996803e+01 -1.399999999999996803e+01 nan -1.299999999999997158e+01
nan -1.199999999999997513e+01 -1.399999999999996803e+01 -1.399999999999996803e+01 nan -1.299999999999997158e+01
-1.299999999999997158e+01 -1.299999999999997158e+01 -1.499999999999995914e+01 -1.499999999999996447e+01 nan -1.399999999999996803e+01
nan -1.299999999999997158e+01 -1.499999999999996447e+01 -1.499999999999996447e+01 nan -1.399999999999996803e+01
-1.399999999999996803e+01 -1.399999999999996803e+01 -1.599999999988826715e+01 -1.599999999748949442e+01 nan -1.499999999999996447e+01
nan -1.399999999999996803e+01 nan -1.599999999999994671e+01 nan -1.499999999999996447e+01
-1.499999999999996447e+01 -1.499999999999996447e+01 nan -1.699999346327188476e+01 nan -1.599999999999996092e+01
-1.199999999999997513e+01 nan -1.399999999999996803e+01 -1.399999999999996803e+01 nan -1.299999999999997158e+01
-1.299999999999997158e+01 -1.299999999999997158e+01 -1.499999999999994671e+01 -1.499999999999996447e+01 nan -1.399999999999996803e+01
-1.399999999999996803e+01 -1.399999999999996803e+01 -1.599999999970514075e+01 -1.599999999999724665e+01 nan -1.499999999999996447e+01
-1.499999999999996447e+01 -1.499999999999996447e+01 -1.699999999823348773e+01 -1.699999997778103733e+01 nan -1.599999999999996092e+01
-1.599999999999996092e+01 -1.599999999999996092e+01 nan -1.799997030905057471e+01 nan -1.699999999999995381e+01
-1.299999999999997158e+01 nan -1.499999999999996447e+01 -1.499999999999996447e+01 nan -1.399999999999996803e+01
-1.399999999999996803e+01 -1.399999999999996803e+01 -1.599999999801153727e+01 -1.599999999997515054e+01 nan -1.499999999999996447e+01
-1.499999999999996447e+01 -1.499999999999996447e+01 -1.699999999725914179e+01 -1.699999997845460697e+01 nan -1.599999999999996092e+01
-1.599999999999996092e+01 -1.599999999999996092e+01 -1.799999937035942210e+01 -1.799999956750105312e+01 nan -1.699999999999995381e+01
-1.699999999999995381e+01 -1.699999999999995381e+01 nan -1.899995884988667427e+01 nan -1.799999999995691979e+01
-1.399999999999996803e+01 nan -1.599999999995229949e+01 nan nan -1.499999999999996447e+01
-1.499999999999996447e+01 -1.499999999999996447e+01 -1.699999572343893917e+01 nan nan -1.599999999999996092e+01
-1.599999999999996092e+01 -1.599999999999996092e+01 -1.799990313121890395e+01 nan nan -1.699999999999947775e+01
-1.699999999999995381e+01 -1.699999999999995381e+01 -1.899979385389989517e+01 nan nan -1.799999999995404565e+01
-1.799999999999994671e+01 -1.799999999999994671e+01 nan nan nan -1.899999995774177464e+01
nan nan -1.199999999999820588e+01 -9.999999999999982236e+00 nan -1.099999999999997868e+01
-1.099999999999997868e+01 nan -1.099999999999997868e+01 -8.999999999999985789e+00 nan -9.999999999999982236e+00
nan -1.099999999999997868e+01 -1.299999838004459463e+01 -1.099999999999997868e+01 nan -1.199999999999997513e+01
-1.199999999919602622e+01 -9.999999999999982236e+00 -1.199999999999601030e+01 -9.999999999999982236e+00 nan -1.099999999999997868e+01
nan -1.199999999999997513e+01 -1.399989326749205709e+01 -1.199999999999997513e+01 nan -1.299999999999933031e+01
-1.299999997691101150e+01 -1.099999999999997868e+01 -1.299999999219694047e+01 -1.099999999999997868e+01 nan -1.199999999999997513e+01
nan -1.299999999999997158e+01 -1.499992057168143589e+01 -1.299999999999997158e+01 nan -1.399999999994330224e+01
-1.399999995039681977e+01 -1.199999999999997513e+01 -1.399999849032655064e+01 -1.199999999999997513e+01 nan -1.299999999999997158e+01
nan -1.399999999999996803e+01 nan -1.399999999999996803e+01 nan -1.499999997989353240e+01
-1.499998186116150833e+01 -1.299999999999997158e+01 nan -1.299999999999997158e+01 nan -1.399999999988902211e+01
-9.999999999999982236e+00 nan -9.999999999999982236e+00 -7.999999999999990230e+00 nan -8.999999999999985789e+00
-1.099999999999997868e+01 -8.999999999999985789e+00 -1.099999999999997868e+01 -8.999999999999985789e+00 nan -9.999999999999982236e+00
-1.199999999998991740e+01 -9.999999999999982236e+00 -1.199999999999962164e+01 -9.999999999999982236e+00 nan -1.099999999999997868e+01
-1.299999998674908142e+01 -1.099999999999997868e+01 -1.299999999979041654e+01 -1.099999999999997868e+01 nan -1.199999999999997513e+01
-1.399998469145400293e+01 -1.199999999999997513e+01 nan -1.199999999999997513e+01 nan -1.299999999999991829e+01
-8.999999999999985789e+00 nan -8.999999999999985789e+00 -6.999999999999992006e+00 nan -7.999999999999990230e+00
-9.999999999999982236e+00 -7.999999999999990230e+00 -9.999999999999982236e+00 -7.999999999999990230e+00 nan -8.999999999999985789e+00
-1.099999999999997868e+01 -8.999999999999985789e+00 -1.099999999999997868e+01 -8.999999999999985789e+00 nan -9.999999999999982236e+00
-1.199999999998957279e+01 -9.999999999999982236e+00 -1.199999999998044409e+01 -9.999999999999982236e+00 nan -1.099999999999997868e+01
-1.299999948331695343e+01 -1.099999999999997868e+01 nan -1.099999999999997868e+01 nan -1.199999999999997513e+01
-8.999999999999985789e+00 -6.999999999999992006e+00 -8.999999999999985789e+00 nan nan -7.999999999999990230e+00
-9.999999999999982236e+00 -7.999999999999990230e+00 -9.999999999999982236e+00 nan nan -8.999999999999985789e+00
-1.099999999999997868e+01 -8.999999999999985789e+00 -1.099999999999997868e+01 nan nan -9.999999999999982236e+00
-1.199999999999994671e+01 -9.999999999999982236e+00 nan nan nan -1.099999999999997868e+01
nan nan -1.599999999999990052e+01 -1.399999999999996803e+01 nan -1.499999999999996447e+01
-1.499999999999996447e+01 nan -1.499999999999996447e+01 -1.299999999999997158e+01 nan -1.399999999999996803e+01
nan -1.499999999999996447e+01 -1.699999921891799204e+01 -1.499999999999996447e+01 nan -1.599999999999996092e+01
-1.599999999999355005e+01 -1.399999999999996803e+01 -1.599999999997150368e+01 -1.399999999999996803e+01 nan -1.499999999999996447e+01
nan -1.599999999999996092e+01 -1.799999838746604652e+01 -1.599999999999996092e+01 nan -1.699999999999995381e+01
-1.699999999986656007e+01 -1.499999999999996447e+01 -1.699999991093740093e+01 -1.499999999999996447e+01 nan -1.599999999999996092e+01
nan -1.699999999999995381e+01 -1.899997070787644304e+01 -1.699999999999995381e+01 nan -1.799999999998663469e+01
-1.799999954901062793e+01 -1.599999999999996092e+01 -1.799999981876566224e+01 -1.599999999999996092e+01 nan -1.699999999999995381e+01
nan -1.799999999999994671e+01 nan -1.799999999999994671e+01 nan -1.899999586719139444e+01
-1.899957925597392006e+01 -1.699999999999995381e+01 nan -1.699999999999995381e+01 nan -1.799999999999288391e+01
-1.399999999999996803e+01 nan -1.399999999999996803e+01 -1.199999999999997513e+01 nan -1.299999999999997158e+01
-1.499999999999996447e+01 -1.299999999999997158e+01 -1.499999999999996447e+01 -1.299999999999997158e+01 nan -1.399999999999996803e+01
-1.599999999994280309e+01 -1.399999999999996803e+01 -1.599999999997407407e+01 -1.399999999999996803e+01 nan -1.499999999999996447e+01
-1.699999999808012419e+01 -1.499999999999996447e+01 -1.699999999349233448e+01 -1.499999999999996447e+01 nan -1.599999999999996092e+01
-1.799991053493234716e+01 -1.599999999999996092e+01 nan -1.599999999999996092e+01 nan -1.699999999999801759e+01
-1.299999999999997158e+01 nan -1.299999999999997158e+01 -1.099999999999997868e+01 nan -1.199999999999997513e+01
-1.399999999999996803e+01 -1.199999999999997513e+01 -1.399999999999996803e+01 -1.199999999999997513e+01 nan -1.299999999999997158e+01
-1.499999999999996447e+01 -1.299999999999997158e+01 -1.499999999999995381e+01 -1.299999999999997158e+01 nan -1.399999999999996803e+01
-1.599999999999342037e+01 -1.399999999999996803e+01 -1.599999999994410160e+01 -1.399999999999996803e+01 nan -1.499999999999996447e+01
-1.699999835987505392e+01 -1.499999999999996447e+01 nan -1.499999999999996447e+01 nan -1.599999999999996092e+01
-1.299999999999997158e+01 -1.099999999999997868e+01 -1.299999999999997158e+01 nan nan -1.199999999999997513e+01
-1.399999999999996803e+01 -1.199999999999997513e+01 -1.399999999999996803e+01 nan nan -1.299999999999997158e+01
-1.499999999999996447e+01 -1.299999999999997158e+01 -1.499999999999996447e+01 nan nan -1.399999999999996803e+01
-1.599999999999302069e+01 -1.399999999999996803e+01 nan nan nan -1.499999999999996447e+01
nan nan -1.199999999999133493e+01 -9.999999999999982236e+00 nan -1.099999999999997868e+01
-1.099999999999997868e+01 nan -1.099999999999997868e+01 -8.999999999999985789e+00 nan -9.999999999999982236e+00
nan -1.099999999999997868e+01 -1.299999519517038493e+01 -1.099999999999997868e+01 nan -1.199999999999997513e+01
-1.199999999989137045e+01 -9.999999999999982236e+00 -1.199999999998521361e+01 -9.999999999999982236e+00 nan -1.099999999999997868e+01
nan -1.199999999999997513e+01 -1.399999770345343464e+01 -1.199999999999997513e+01 nan -1.299999999999927525e+01
-1.299999969982435744e+01 -1.099999999999997868e+01 -1.299999985968765515e+01 -1.099999999999997868e+01 nan -1.199999999999997513e+01
nan -1.299999999999997158e+01 -1.499999158246511755e+01 -1.299999999999997158e+01 nan -1.399999999983318411e+01
-1.399999929475385230e+01 -1.199999999999997513e+01 -1.399999741355684080e+01 -1.199999999999997513e+01 nan -1.299999999999997158e+01
nan -1.399999999999996803e+01 nan -1.399999999999996803e+01 nan -1.499999991091612372e+01
-1.499951557154914639e+01 -1.299999999999997158e+01 nan -1.299999999999997158e+01 nan -1.399999999993529798e+01
-9.999999999999982236e+00 nan -9.999999999999982236e+00 -7.999999999999990230e+00 nan -8.999999999999985789e+00
-1.099999999999997868e+01 -8.999999999999985789e+00 -1.099999999999997868e+01 -8.999999999999985789e+00 nan -9.999999999999982236e+00
-1.199999999999370992e+01 -9.999999999999982236e+00 -1.199999999999869260e+01 -9.999999999999982236e+00 nan -1.099999999999997868e+01
-1.299999999754736102e+01 -1.099999999999997868e+01 -1.299999998097349163e+01 -1.099999999999997868e+01 nan -1.199999999999997513e+01
-1.399999441570526137e+01 -1.199999999999997513e+01 nan -1.199999999999997513e+01 nan -1.299999999994340705e+01
-8.999999999999985789e+00 nan -8.999999999999985789e+00 -6.999999999999992006e+00 nan -7.999999999999990230e+00
-9.999999999999982236e+00 -7.999999999999990230e+00 -9.999999999999982236e+00 -7.999999999999990230e+00 nan -8.999999999999985789e+00
-1.099999999999997513e+01 -8.999999999999985789e+00 -1.099999999999984546e+01 -8.999999999999985789e+00 nan -9.999999999999982236e+00
-1.199999999998876277e+01 -9.999999999999982236e+00 -1.199999999997384137e+01 -9.999999999999982236e+00 nan -1.099999999999997868e+01
-1.299999687554928940e+01 -1.099999999999997868e+01 nan -1.099999999999997868e+01 nan -1.199999999999997513e+01
-8.999999999999985789e+00 -6.999999999999992006e+00 -8.999999999999985789e+00 nan nan -7.999999999999990230e+00
-9.999999999999982236e+00 -7.999999999999990230e+00 -9.999999999999982236e+00 nan nan -8.999999999999985789e+00
-1.099999999999997868e+01 -8.999999999999985789e+00 -1.099999999999997868e+01 nan nan -9.999999999999982236e+00
-1.199999999999997513e+01 -9.999999999999982236e+00 nan nan nan -1.099999999999997868e+01
nan nan -9.999999999999982236e+00 -1.199999999999996803e+01 nan -1.099999999999997868e+01
-1.099999999999997868e+01 nan -1.099999999999997868e+01 -1.299999699820008914e+01 nan -1.199999999999997513e+01
nan -1.099999999999997868e+01 -8.999999999999985789e+00 -1.099999999999997868e+01 nan -9.999999999999982236e+00
-9.999999999999982236e+00 -1.199999999994787103e+01 -9.999999999999982236e+00 -1.199999999999937472e+01 nan -1.099999999999997868e+01
nan -9.999999999999982236e+00 -7.999999999999990230e+00 -9.999999999999982236e+00 nan -8.999999999999985789e+00
-8.999999999999985789e+00 -1.099999999999997868e+01 -8.999999999999985789e+00 -1.099999999999997868e+01 nan -9.999999999999982236e+00
nan -8.999999999999985789e+00 -6.999999999999992006e+00 -8.999999999999985789e+00 nan -7.999999999999990230e+00
-7.999999999999990230e+00 -9.999999999999982236e+00 -7.999999999999990230e+00 -9.999999999999982236e+00 nan -8.999999999999985789e+00
-6.999999999999992006e+00 -8.999999999999985789e+00 nan -8.999999999999985789e+00 nan -7.999999999999990230e+00
-1.199999999999997513e+01 nan -1.199999999999997513e+01 -1.399999360764296163e+01 nan -1.299999999999787548e+01
-1.099999999999997868e+01 -1.299999998812572954e+01 -1.099999999999997868e+01 -1.299999999866906286e+01 nan -1.199999999999997513e+01
-9.999999999999982236e+00 -1.199999999999939426e+01 -9.999999999999982236e+00 -1.199999999997386979e+01 nan -1.099999999999997868e+01
-8.999999999999985789e+00 -1.099999999999997868e+01 -8.999999999999985789e+00 -1.099999999999997868e+01 nan -9.999999999999982236e+00
-7.999999999999990230e+00 -9.999999999999982236e+00 nan -9.999999999999982236e+00 nan -8.999999999999985789e+00
-1.299999999999997158e+01 nan -1.299999999999997158e+01 -1.499987628717531685e+01 nan -1.399999999999221245e+01
-1.199999999999997513e+01 -1.399999871098196280e+01 -1.199999999999997513e+01 -1.399999997882814107e+01 nan -1.299999999999997158e+01
-1.099999999999997868e+01 -1.299999995388660778e+01 -1.099999999999997868e+01 -1.299999999367505588e+01 nan -1.199999999999997513e+01
-9.999999999999982236e+00 -1.199999999997775113e+01 -9.999999999999982236e+00 -1.199999998713338201e+01 nan -1.099999999999997868e+01
-8.999999999999985789e+00 -1.099999999999997868e+01 nan -1.099999999999997868e+01 nan -9.999999999999982236e+00
-1.399999999999996803e+01 nan -1.399999999999996803e+01 nan nan -1.499998799084258039e+01
-1.299999999999997158e+01 -1.499997194257974797e+01 -1.299999999999997158e+01 nan nan -1.399999999996607869e+01
-1.199999999999997513e+01 -1.399991649278167216e+01 -1.199999999999997513e+01 nan nan -1.299999999999997158e+01
-1.099999999999997868e+01 -1.299999999654189509e+01 -1.099999999999997868e+01 nan nan -1.199999999999997513e+01
-9.999999999999982236e+00 -1.199999999998975397e+01 nan nan nan -1.099999999999997868e+01
nan nan -1.399999999999996803e+01 -1.599999999999551292e+01 nan -1.499999999999996447e+01
-1.499999999999996447e+01 nan -1.499999999999996447e+01 -1.699999497885460542e+01 nan -1.599999999999996092e+01
nan -1.499999999999996447e+01 -1.299999999999997158e+01 -1.499999999999996447e+01 nan -1.399999999999996803e+01
-1.399999999999996803e+01 -1.599999999996345146e+01 -1.399999999999996803e+01 -1.599999999931038275e+01 nan -1.499999999999996447e+01
nan -1.399999999999996803e+01 -1.199999999999997513e+01 -1.399999999999996803e+01 nan -1.299999999999997158e+01
-1.299999999999997158e+01 -1.499999999999978861e+01 -1.299999999999997158e+01 -1.499999999999996447e+01 nan -1.399999999999996803e+01
nan -1.299999999999997158e+01 -1.099999999999997868e+01 -1.299999999999997158e+01 nan -1.199999999999997513e+01
-1.199999999999997513e+01 -1.399999999999996803e+01 -1.199999999999997513e+01 -1.399999999999996803e+01 nan -1.299999999999997158e+01
-1.099999999999997868e+01 -1.299999999999997158e+01 nan -1.299999999999997158e+01 nan -1.199999999999997513e+01
-1.599999999999996092e+01 nan -1.599999999999996092e+01 -1.799990020077348518e+01 nan -1.699999999999950617e+01
-1.499999999999996447e+01 -1.699999998359236386e+01 -1.499999999999996447e+01 -1.699999999705602249e+01 nan -1.599999999999996092e+01
-1.399999999999996803e+01 -1.599999999999918288e+01 -1.399999999999996803e+01 -1.599999999991068123e+01 nan -1.499999999999996447e+01
-1.299999999999997158e+01 -1.499999999999996447e+01 -1.299999999999997158e+01 -1.499999999999996447e+01 nan -1.399999999999996803e+01
-1.199999999999997513e+01 -1.399999999999996803e+01 nan -1.399999999999996803e+01 nan -1.299999999999997158e+01
-1.699999999999995381e+01 nan -1.699999999999995381e+01 -1.899995767267463620e+01 nan -1.799999999996783018e+01
-1.599999999999996092e+01 -1.799999882171106336e+01 -1.599999999999996092e+01 -1.799999858576255107e+01 nan -1.699999999999995381e+01
-1.499999999999996447e+01 -1.699999999935791095e+01 -1.499999999999996447e+01 -1.699999999907370096e+01 nan -1.599999999999996092e+01
-1.399999999999996803e+01 -1.599999999997993783e+01 -1.399999999999996803e+01 -1.599999999998023625e+01 nan -1.499999999999996447e+01
-1.299999999999997158e+01 -1.499999999999996447e+01 nan -1.499999999999996447e+01 nan -1.399999999999996803e+01
-1.799999999999994671e+01 nan -1.799999999999994671e+01 nan nan -1.899999998397688472e+01
-1.699999999999995381e+01 -1.899991427853817072e+01 -1.699999999999995381e+01 nan nan -1.799999999942935247e+01
-1.599999999999996092e+01 -1.799999138284220024e+01 -1.599999999999996092e+01 nan nan -1.699999999999995381e+01
-1.499999999999996447e+01 -1.699999969612359862e+01 -1.499999999999996447e+01 nan nan -1.599999999999996092e+01
-1.399999999999996803e+01 -1.599999999997033839e+01 nan nan nan -1.499999999999996447e+01
nan nan -9.999999999999982236e+00 -1.199999999999996270e+01 nan -1.099999999999997868e+01
-1.099999999999997868e+01 nan -1.099999999999997868e+01 -1.299999876452118386e+01 nan -1.199999999999997513e+01
nan -1.099999999999997868e+01 -8.999999999999985789e+00 -1.099999999999997868e+01 nan -9.999999999999982236e+00
-9.999999999999982236e+00 -1.199999999993055688e+01 -9.999999999999982236e+00 -1.199999999995075584e+01 nan -1.099999999999997868e+01
nan -9.999999999999982236e+00 -7.999999999999990230e+00 -9.999999999999982236e+00 nan -8.999999999999985789e+00
-8.999999999999985789e+00 -1.099999999999997868e+01 -8.999999999999985789e+00 -1.099999999999997868e+01 nan -9.999999999999982236e+00
nan -8.999999999999985789e+00 -6.999999999999992006e+00 -8.999999999999985789e+00 nan -7.999999999999990230e+00
-7.999999999999990230e+00 -9.999999999999982236e+00 -7.999999999999990230e+00 -9.999999999999982236e+00 nan -8.999999999999985789e+00
-6.999999999999992006e+00 -8.999999999999985789e+00 nan -8.999999999999985789e+00 nan -7.999999999999990230e+00
-1.199999999999997513e+01 nan -1.199999999999997513e+01 -1.399999979098761038e+01 nan -1.299999999999953637e+01
-1.099999999999997868e+01 -1.299999994025607641e+01 -1.099999999999997868e+01 -1.299999999466397504e+01 nan -1.199999999999997513e+01
-9.999999999999982236e+00 -1.199999999998874856e+01 -9.999999999999982236e+00 -1.199999999990912869e+01 nan -1.099999999999997868e+01
-8.999999999999985789e+00 -1.099999999999997868e+01 -8.999999999999985789e+00 -1.099999999999997868e+01 nan -9.999999999999982236e+00
-7.999999999999990230e+00 -9.999999999999982236e+00 nan -9.999999999999982236e+00 nan -8.999999999999985789e+00
-1.299999999999997158e+01 nan -1.299999999999997158e+01 -1.499996315451233997e+01 nan -1.399999999999909583e+01
-1.199999999999997513e+01 -1.399999996186050844e+01 -1.199999999999997513e+01 -1.399999976757991149e+01 nan -1.299999999999997158e+01
-1.099999999999997868e+01 -1.299999998856903005e+01 -1.099999999999997868e+01 -1.299999998805818713e+01 nan -1.199999999999997513e+01
-9.999999999999982236e+00 -1.199999999999325340e+01 -9.999999999999982236e+00 -1.199999999999762323e+01 nan -1.099999999999997868e+01
-8.999999999999985789e+00 -1.099999999999997868e+01 nan -1.099999999999997868e+01 nan -9.999999999999982236e+00
-1.399999999999996803e+01 nan -1.399999999999996803e+01 nan nan -1.499999978576582116e+01
-1.299999999999997158e+01 -1.499994172990472130e+01 -1.299999999999997158e+01 nan nan -1.399999999999935696e+01
-1.199999999999997513e+01 -1.399999221346175560e+01 -1.199999999999997513e+01 nan nan -1.299999999999982947e+01
-1.099999999999997868e+01 -1.299999906006310546e+01 -1.099999999999997868e+01 nan nan -1.199999999999991296e+01
-9.999999999999982236e+00 -1.199999999999969091e+01 nan nan nan -1.099999999999997868e+01
nan nan -1.799999999999994671e+01 -1.799999999999994671e+01 nan -1.899999887196717552e+01
-1.899996994562463115e+01 nan -1.699999999999995381e+01 -1.699999999999995381e+01 nan -1.799999999999964828e+01
nan -1.899992322008699119e+01 -1.699999999999995381e+01 -1.699999999999995381e+01 nan -1.799999999998827960e+01
-1.799999990952881035e+01 -1.799999992549919980e+01 -1.599999999999996092e+01 -1.599999999999996092e+01 nan -1.699999999999995381e+01
nan -1.799999493973422204e+01 -1.599999999999996092e+01 -1.599999999999996092e+01 nan -1.699999999999995381e+01
-1.699999976362282084e+01 -1.699999998744532448e+01 -1.499999999999996447e+01 -1.499999999999996447e+01 nan -1.599999999999996092e+01
nan -1.699996566068092463e+01 -1.499999999999996447e+01 -1.499999999999996447e+01 nan -1.599999999999996092e+01
-1.599999999994865441e+01 -1.599999999997710631e+01 -1.399999999999996803e+01 -1.399999999999996803e+01 nan -1.499999999999996447e+01
nan -1.599999999999906208e+01 nan -1.399999999999996803e+01 nan -1.499999999999996447e+01
-1.499999999999996447e+01 -1.499999999999996447e+01 nan -1.299999999999997158e+01 nan -1.399999999999996803e+01
-1.799999787748775049e+01 nan -1.599999999999996092e+01 -1.599999999999996092e+01 nan -1.699999999999982947e+01
-1.699999999837910636e+01 -1.699999987899902365e+01 -1.499999999999996447e+01 -1.499999999999996447e+01 nan -1.599999999999996092e+01
-1.599999999722577471e+01 -1.599999999999957723e+01 -1.399999999999996803e+01 -1.399999999999996803e+01 nan -1.499999999999996447e+01
-1.499999999999996447e+01 -1.499999999999996447e+01 -1.299999999999997158e+01 -1.299999999999997158e+01 nan -1.399999999999996803e+01
-1.399999999999996803e+01 -1.399999999999996803e+01 nan -1.199999999999997513e+01 nan -1.299999999999997158e+01
-1.699997326416827548e+01 nan -1.499999999999996447e+01 -1.499999999999996447e+01 nan -1.599999999999995914e+01
-1.599999999990284394e+01 -1.599999999569434017e+01 -1.399999999999996803e+01 -1.399999999999996803e+01 nan -1.499999999999996447e+01
-1.499999999999996447e+01 -1.499999999999989697e+01 -1.299999999999997158e+01 -1.299999999999997158e+01 nan -1.399999999999996803e+01
-1.399999999999996803e+01 -1.399999999999996803e+01 -1.199999999999997513e+01 -1.199999999999997513e+01 nan -1.299999999999997158e+01
-1.299999999999997158e+01 -1.299999999999997158e+01 nan -1.099999999999997868e+01 nan -1.199999999999997513e+01
-1.599999999998674305e+01 nan -1.399999999999996803e+01 nan nan -1.499999999999996447e+01
-1.499999999999996447e+01 -1.499999999999996447e+01 -1.299999999999997158e+01 nan nan -1.399999999999996803e+01
-1.399999999999996803e+01 -1.399999999999996803e+01 -1.199999999999997513e+01 nan nan -1.299999999999997158e+01
-1.299999999999997158e+01 -1.299999999999997158e+01 -1.099999999999997868e+01 nan nan -1.199999999999997513e+01
nan nan -1.399999999999996803e+01 -1.399999999999996803e+01 nan -1.499999999192999667e+01
-1.499990836738110644e+01 nan -1.299999999999997158e+01 -1.299999999999997158e+01 nan -1.399999999997501376e+01
nan -1.499993629191236977e+01 -1.299999999999997158e+01 -1.299999999999997158e+01 nan -1.399999999996289723e+01
-1.399999983719802721e+01 -1.399999899349444732e+01 -1.199999999999997513e+01 -1.199999999999997513e+01 nan -1.299999999999997158e+01
nan -1.399997960878778613e+01 -1.199999999999997513e+01 -1.199999999999997513e+01 nan -1.299999999999994849e+01
-1.299999999783143068e+01 -1.299999928253686932e+01 -1.099999999999997868e+01 -1.099999999999997868e+01 nan -1.199999999999997513e+01
nan -1.299999943041574291e+01 -1.099999999999997868e+01 -1.099999999999997868e+01 nan -1.199999999999997513e+01
-1.199999999996403055e+01 -1.199999999994278710e+01 -9.999999999999982236e+00 -9.999999999999982236e+00 nan -1.099999999999997868e+01
nan -1.199999999999956657e+01 nan -9.999999999999982236e+00 nan -1.099999999999997868e+01
-1.099999999999997868e+01 -1.099999999999997868e+01 nan -8.999999999999985789e+00 nan -9.999999999999982236e+00
-1.399999400592080079e+01 nan -1.199999999999997513e+01 -1.199999999999997513e+01 nan -1.299999999999972644e+01
-1.299999996698480942e+01 -1.299999999894505542e+01 -1.099999999999997868e+01 -1.099999999999997868e+01 nan -1.199999999999997513e+01
-1.199999999987021759e+01 -1.199999999995490008e+01 -9.999999999999982236e+00 -9.999999999999982236e+00 nan -1.099999999999997868e+01
-1.099999999999989342e+01 -1.099999999999997868e+01 -8.999999999999985789e+00 -8.999999999999985789e+00 nan -9.999999999999982236e+00
-9.999999999999982236e+00 -9.999999999999982236e+00 nan -7.999999999999990230e+00 nan -8.999999999999985789e+00
-1.299999903695501224e+01 nan -1.099999999999997868e+01 -1.099999999999997868e+01 nan -1.199999999999997513e+01
-1.199999999890085967e+01 -1.199999999999311306e+01 -9.999999999999982236e+00 -9.999999999999982236e+00 nan -1.099999999999997868e+01
-1.099999999999996625e+01 -1.099999999999997868e+01 -8.999999999999985789e+00 -8.999999999999985789e+00 nan -9.999999999999982236e+00
-9.999999999999982236e+00 -9.999999999999982236e+00 -7.999999999999990230e+00 -7.999999999999990230e+00 nan -8.999999999999985789e+00
-8.999999999999985789e+00 -8.999999999999985789e+00 nan -6.999999999999992006e+00 nan -7.999999999999990230e+00
-1.199999999999792166e+01 nan -9.999999999999982236e+00 nan nan -1.099999999999997868e+01
-1.099999999999997868e+01 -1.099999999999997868e+01 -8.999999999999985789e+00 nan nan -9.999999999999982236e+00
-9.999999999999982236e+00 -9.999999999999982236e+00 -7.999999999999990230e+00 nan nan -8.999999999999985789e+00
-8.999999999999985789e+00 -8.999999999999985789e+00 -6.999999999999992006e+00 nan nan -7.999999999999990230e+00
nan nan -1.399999999999996803e+01 -1.399999999999996803e+01 nan -1.499999984391307351e+01
-1.499960830959721392e+01 nan -1.299999999999997158e+01 -1.299999999999997158e+01 nan -1.399999999278746543e+01
nan -1.499933090928365687e+01 -1.299999999999997158e+01 -1.299999999999997158e+01 nan -1.399999999999553779e+01
-1.399999965335877228e+01 -1.399999998717230731e+01 -1.199999999999997513e+01 -1.199999999999997513e+01 nan -1.299999999999997158e+01
nan -1.399999761592681224e+01 -1.199999999999997513e+01 -1.199999999999997513e+01 nan -1.299999999999997158e+01
-1.299999990764350777e+01 -1.299999986805949170e+01 -1.099999999999997868e+01 -1.099999999999997868e+01 nan -1.199999999999997513e+01
nan -1.299999932312866946e+01 -1.099999999999997868e+01 -1.099999999999997868e+01 nan -1.199999999999997513e+01
-1.199999999892524549e+01 -1.199999999828264485e+01 -9.999999999999982236e+00 -9.999999999999982236e+00 nan -1.099999999999997868e+01
nan -1.199999999999948841e+01 nan -9.999999999999982236e+00 nan -1.099999999999997868e+01
-1.099999999999997868e+01 -1.099999999999997868e+01 nan -8.999999999999985789e+00 nan -9.999999999999982236e+00
-1.399996503934000991e+01 nan -1.199999999999997513e+01 -1.199999999999997513e+01 nan -1.299999999999995914e+01
-1.299999998709145821e+01 -1.299999998989639494e+01 -1.099999999999997868e+01 -1.099999999999997868e+01 nan -1.199999999999997513e+01
-1.199999999538775697e+01 -1.199999999944153473e+01 -9.999999999999982236e+00 -9.999999999999982236e+00 nan -1.099999999999997868e+01
-1.099999999998748024e+01 -1.099999999999887557e+01 -8.999999999999985789e+00 -8.999999999999985789e+00 nan -9.999999999999982236e+00
-9.999999999999982236e+00 -9.999999999999982236e+00 nan -7.999999999999990230e+00 nan -8.999999999999985789e+00
-1.299940607883411303e+01 nan -1.099999999999997868e+01 -1.099999999999997868e+01 nan -1.199999993674075327e+01
-1.199999846874754361e+01 -1.199997985173279602e+01 -9.999999999999982236e+00 -9.999999999999982236e+00 nan -1.099999999999997868e+01
-1.099999997424792220e+01 -1.099999945756493958e+01 -8.999999999999985789e+00 -8.999999999999985789e+00 nan -9.999999999999982236e+00
-9.999999999999891642e+00 -9.999999999961923791e+00 -7.999999999999990230e+00 -7.999999999999990230e+00 nan -8.999999999999985789e+00
-8.999999999999985789e+00 -8.999999999999985789e+00 nan -6.999999999999992006e+00 nan -7.999999999999990230e+00
-1.199998389354754202e+01 nan -9.999999999999982236e+00 nan nan -1.099999999923767291e+01
-1.099999999845189258e+01 -1.099999999178883314e+01 -8.999999999999985789e+00 nan nan -9.999999999999982236e+00
-9.999999999999982236e+00 -9.999999999999982236e+00 -7.999999999999990230e+00 nan nan -8.999999999999985789e+00
-8.999999999999985789e+00 -8.999999999999985789e+00 -6.999999999999992006e+00 nan nan -7.999999999999990230e+00
nan nan -2.999999999999998224e+00 -2.999999999999998224e+00 -9.999999999999997780e-01 -1.999999999999999334e+00
-1.999999999999999334e+00 nan -3.999999999999997335e+00 -3.999999999999997335e+00 nan -2.999999999999998224e+00
nan -1.999999999999999334e+00 -3.999999999999997335e+00 -3.999999999999997335e+00 nan -2.999999999999998224e+00
-2.999999999999998224e+00 -2.999999999999998224e+00 -4.999999999999995559e+00 -4.999999999999995559e+00 nan -3.999999999999997335e+00
nan -2.999999999999998224e+00 -4.999999999999995559e+00 -4.999999999999995559e+00 nan -3.999999999999997335e+00
-3.999999999999997335e+00 -3.999999999999997335e+00 -5.999999999999993783e+00 -5.999999999999993783e+00 nan -4.999999999999995559e+00
nan -3.999999999999997335e+00 -5.999999999999993783e+00 -5.999999999999993783e+00 nan -4.999999999999995559e+00
-4.999999999999995559e+00 -4.999999999999995559e+00 -6.999999999999992006e+00 -6.999999999999992006e+00 nan -5.999999999999993783e+00
-5.999999999999993783e+00 -5.999999999999993783e+00 nan -7.999999999999990230e+00 nan -6.999999999999992006e+00
-2.999999999999998224e+00 nan -4.999999999999995559e+00 -4.999999999999995559e+00 nan -3.999999999999997335e+00
-3.999999999999997335e+00 -3.999999999999997335e+00 -5.999999999999993783e+00 -5.999999999999993783e+00 nan -4.999999999999995559e+00
-4.999999999999995559e+00 -4.999999999999995559e+00 -6.999999999999992006e+00 -6.999999999999992006e+00 nan -5.999999999999993783e+00
-5.999999999999993783e+00 -5.999999999999993783e+00 -7.999999999999990230e+00 -7.999999999999990230e+00 nan -6.999999999999992006e+00
-6.999999999999992006e+00 -6.999999999999992006e+00 nan -8.999999999999985789e+00 nan -7.999999999999990230e+00
-3.999999999999997335e+00 nan -5.999999999999993783e+00 -5.999999999999993783e+00 nan -4.999999999999995559e+00
-4.999999999999995559e+00 -4.999999999999995559e+00 -6.999999999999992006e+00 -6.999999999999992006e+00 nan -5.999999999999993783e+00
-5.999999999999993783e+00 -5.999999999999993783e+00 -7.999999999999990230e+00 -7.999999999999990230e+00 nan -6.999999999999992006e+00
-6.999999999999992006e+00 -6.999999999999992006e+00 -8.999999999999985789e+00 -8.999999999999985789e+00 nan -7.999999999999990230e+00
-7.999999999999990230e+00 -7.999999999999990230e+00 nan -9.999999999999982236e+00 nan -8.999999999999985789e+00
-5.999999999999993783e+00 -5.999999999999993783e+00 -7.999999999999990230e+00 nan nan -6.999999999999992006e+00
-6.999999999999992006e+00 -6.999999999999992006e+00 -8.999999999999985789e+00 nan nan -7.999999999999990230e+00
-7.999999999999990230e+00 -7.999999999999990230e+00 -9.999999999999982236e+00 nan nan -8.999999999999985789e+00
-5.999999999999993783e+00 nan -5.999999999999993783e+00 -3.999999999999997335e+00 nan -4.999999999999995559e+00
nan -5.999999999999993783e+00 -7.999999999999990230e+00 -5.999999999999993783e+00 nan -6.999999999999992006e+00
-6.999999999999992006e+00 -4.999999999999995559e+00 -6.999999999999992006e+00 -4.999999999999995559e+00 nan -5.999999999999993783e+00
nan -6.999999999999992006e+00 -8.999999999999985789e+00 -6.999999999999992006e+00 nan -7.999999999999990230e+00
-7.999999999999990230e+00 -5.999999999999993783e+00 -7.999999999999990230e+00 -5.999999999999993783e+00 nan -6.999999999999992006e+00
nan -7.999999999999990230e+00 -9.999999999999982236e+00 -7.999999999999990230e+00 nan -8.999999999999985789e+00
-8.999999999999985789e+00 -6.999999999999992006e+00 -8.999999999999985789e+00 -6.999999999999992006e+00 nan -7.999999999999990230e+00
-9.999999999999982236e+00 -7.999999999999990230e+00 nan -7.999999999999990230e+00 nan -8.999999999999985789e+00
-4.999999999999995559e+00 nan -4.999999999999995559e+00 -2.999999999999998224e+00 nan -3.999999999999997335e+00
-5.999999999999993783e+00 -3.999999999999997335e+00 -5.999999999999993783e+00 -3.999999999999997335e+00 nan -4.999999999999995559e+00
-6.999999999999992006e+00 -4.999999999999995559e+00 -6.999999999999992006e+00 -4.999999999999995559e+00 nan -5.999999999999993783e+00
-7.999999999999990230e+00 -5.999999999999993783e+00 -7.999999999999990230e+00 -5.999999999999993783e+00 nan -6.999999999999992006e+00
-8.999999999999985789e+00 -6.999999999999992006e+00 nan -6.999999999999992006e+00 nan -7.999999999999990230e+00
-3.999999999999997335e+00 nan -3.999999999999997335e+00 -1.999999999999999334e+00 nan -2.999999999999998224e+00
-4.999999999999995559e+00 -2.999999999999998224e+00 -4.999999999999995559e+00 -2.999999999999998224e+00 nan -3.999999999999997335e+00
-5.999999999999993783e+00 -3.999999999999997335e+00 -5.999999999999993783e+00 -3.999999999999997335e+00 nan -4.999999999999995559e+00
-6.999999999999992006e+00 -4.999999999999995559e+00 -6.999999999999992006e+00 -4.999999999999995559e+00 nan -5.999999999999993783e+00
-7.999999999999990230e+00 -5.999999999999993783e+00 nan -5.999999999999993783e+00 nan -6.999999999999992006e+00
-2.999999999999998224e+00 nan -2.999999999999998224e+00 nan -9.999999999999997780e-01 -1.999999999999999334e+00
-3.999999999999997335e+00 -1.999999999999999334e+00 -3.999999999999997335e+00 nan nan -2.999999999999998224e+00
-4.999999999999995559e+00 -2.999999999999998224e+00 -4.999999999999995559e+00 nan nan -3.999999999999997335e+00
-5.999999999999993783e+00 -3.999999999999997335e+00 -5.999999999999993783e+00 nan nan -4.999999999999995559e+00
-5.999999999999993783e+00 nan -5.999999999999993783e+00 -7.999999999999990230e+00 nan -6.999999999999992006e+00
nan -5.999999999999993783e+00 -3.999999999999997335e+00 -5.999999999999993783e+00 nan -4.999999999999995559e+00
-4.999999999999995559e+00 -6.999999999999992006e+00 -4.999999999999995559e+00 -6.999999999999992006e+00 nan -5.999999999999993783e+00
nan -4.999999999999995559e+00 -2.999999999999998224e+00 -4.999999999999995559e+00 nan -3.999999999999997335e+00
-3.999999999999997335e+00 -5.999999999999993783e+00 -3.999999999999997335e+00 -5.999999999999993783e+00 nan -4.999999999999995559e+00
nan -3.999999999999997335e+00 -1.999999999999999334e+00 -3.999999999999997335e+00 nan -2.999999999999998224e+00
-2.999999999999998224e+00 -4.999999999999995559e+00 -2.999999999999998224e+00 -4.999999999999995559e+00 nan -3.999999999999997335e+00
nan -2.999999999999998224e+00 nan -2.999999999999998224e+00 -9.999999999999997780e-01 -1.999999999999999334e+00
-1.999999999999999334e+00 -3.999999999999997335e+00 nan -3.999999999999997335e+00 nan -2.999999999999998224e+00
-6.999999999999992006e+00 nan -6.999999999999992006e+00 -8.999999999999985789e+00 nan -7.999999999999990230e+00
-5.999999999999993783e+00 -7.999999999999990230e+00 -5.999999999999993783e+00 -7.999999999999990230e+00 nan -6.999999999999992006e+00
-4.999999999999995559e+00 -6.999999999999992006e+00 -4.999999999999995559e+00 -6.999999999999992006e+00 nan -5.999999999999993783e+00
-3.999999999999997335e+00 -5.999999999999993783e+00 -3.999999999999997335e+00 -5.999999999999993783e+00 nan -4.999999999999995559e+00
-2.999999999999998224e+00 -4.999999999999995559e+00 nan -4.999999999999995559e+00 nan -3.999999999999997335e+00
-7.999999999999990230e+00 nan -7.999999999999990230e+00 -9.999999999999982236e+00 nan -8.999999999999985789e+00
-6.999999999999992006e+00 -8.999999999999985789e+00 -6.999999999999992006e+00 -8.999999999999985789e+00 nan -7.999999999999990230e+00
-5.999999999999993783e+00 -7.999999999999990230e+00 -5.999999999999993783e+00 -7.999999999999990230e+00 nan -6.999999999999992006e+00
-4.999999999999995559e+00 -6.999999999999992006e+00 -4.999999999999995559e+00 -6.999999999999992006e+00 nan -5.999999999999993783e+00
-3.999999999999997335e+00 -5.999999999999993783e+00 nan -5.999999999999993783e+00 nan -4.999999999999995559e+00
-7.999999999999990230e+00 -9.999999999999982236e+00 -7.999999999999990230e+00 nan nan -8.999999999999985789e+00
-6.999999999999992006e+00 -8.999999999999985789e+00 -6.999999999999992006e+00 nan nan -7.999999999999990230e+00
-5.999999999999993783e+00 -7.999999999999987566e+00 -5.999999999999993783e+00 nan nan -6.999999999999992006e+00
-9.999999999999982236e+00 nan -7.999999999999990230e+00 -7.999999999999990230e+00 nan -8.999999999999985789e+00
nan -9.999999999999982236e+00 -7.999999999999990230e+00 -7.999999999999990230e+00 nan -8.999999999999985789e+00
-8.999999999999985789e+00 -8.999999999999985789e+00 -6.999999999999992006e+00 -6.999999999999992006e+00 nan -7.999999999999990230e+00
nan -8.999999999999985789e+00 -6.999999999999992006e+00 -6.999999999999992006e+00 nan -7.999999999999990230e+00
-7.999999999999990230e+00 -7.999999999999990230e+00 -5.999999999999993783e+00 -5.999999999999993783e+00 nan -6.999999999999992006e+00
nan -7.999999999999990230e+00 -5.999999999999993783e+00 -5.999999999999993783e+00 nan -6.999999999999992006e+00
-6.999999999999992006e+00 -6.999999999999992006e+00 -4.999999999999995559e+00 -4.999999999999995559e+00 nan -5.999999999999993783e+00
-5.999999999999993783e+00 -5.999999999999993783e+00 nan -3.999999999999997335e+00 nan -4.999999999999995559e+00
-8.999999999999985789e+00 nan -6.999999999999992006e+00 -6.999999999999992006e+00 nan -7.999999999999990230e+00
-7.999999999999990230e+00 -7.999999999999990230e+00 -5.999999999999993783e+00 -5.999999999999993783e+00 nan -6.999999999999992006e+00
-6.999999999999992006e+00 -6.999999999999992006e+00 -4.999999999999995559e+00 -4.999999999999995559e+00 nan -5.999999999999993783e+00
-5.999999999999993783e+00 -5.999999999999993783e+00 -3.999999999999997335e+00 -3.999999999999997335e+00 nan -4.999999999999995559e+00
-4.999999999999995559e+00 -4.999999999999995559e+00 nan -2.999999999999998224e+00 nan -3.999999999999997335e+00
-7.999999999999990230e+00 nan -5.999999999999993783e+00 -5.999999999999993783e+00 nan -6.999999999999992006e+00
-6.999999999999992006e+00 -6.999999999999992006e+00 -4.999999999999995559e+00 -4.999999999999995559e+00 nan -5.999999999999993783e+00
-5.999999999999993783e+00 -5.999999999999993783e+00 -3.999999999999997335e+00 -3.999999999999997335e+00 nan -4.999999999999995559e+00
-4.999999999999995559e+00 -4.999999999999995559e+00 -2.999999999999998224e+00 -2.999999999999998224e+00 nan -3.999999999999997335e+00
-3.999999999999997335e+00 -3.999999999999997335e+00 nan -1.999999999999999334e+00 nan -2.999999999999998224e+00
-5.999999999999993783e+00 -5.999999999999993783e+00 -3.999999999999997335e+00 nan nan -4.999999999999995559e+00
-4.999999999999995559e+00 -4.999999999999995559e+00 -2.999999999999998224e+00 nan nan -3.999999999999997335e+00
-3.999999999999997335e+00 -3.999999999999997335e+00 -1.999999999999999334e+00 nan nan -2.999999999999998224e+00
-2.999999999999998224e+00 -2.999999999999998224e+00 nan nan -9.999999999999997780e-01 -1.999999999999999334e+00
nan nan nan nan nan nan
nan nan nan nan nan nan
nan nan nan nan nan nan
nan nan nan nan nan nan
nan nan nan nan nan nan
nan nan nan nan nan nan
nan nan nan nan nan nan
nan nan nan nan nan nan
